 0.00000000e+00  2.50792741e+00  0.00000000e+00  1.72719565e-06 
 5.00000000e-05  2.50792741e+00  5.00000000e-05  1.72719565e-06 
 1.00000000e-04  2.50792741e+00  1.00000000e-04  1.72719565e-06 
 2.00000000e-04  2.50792741e+00  2.00000000e-04  1.72719565e-06 
 4.00000000e-04  2.50792741e+00  4.00000000e-04  1.72719565e-06 
 8.00000000e-04  2.50792741e+00  8.00000000e-04  1.72719565e-06 
 1.60000000e-03  2.50792741e+00  1.60000000e-03  1.72719565e-06 
 3.20000000e-03  2.50792741e+00  3.20000000e-03  1.72719565e-06 
 6.40000000e-03  2.50792741e+00  6.40000000e-03  1.72719565e-06 
 1.07666667e-02  2.50792741e+00  1.07666667e-02  1.72719565e-06 
 1.19770833e-02  2.50792741e+00  1.19770833e-02  1.72719565e-06 
 1.40953125e-02  2.50792741e+00  1.40953125e-02  1.72719565e-06 
 1.46816081e-02  2.50792741e+00  1.46816081e-02  1.72719565e-06 
 1.57076253e-02  2.50792741e+00  1.57076253e-02  1.72719565e-06 
 1.68435730e-02  1.19999999e+01  1.68435730e-02  1.72719565e-06 
 1.91154683e-02  1.19999999e+01  1.91154683e-02  1.72719565e-06 
 2.36592590e-02  1.19999999e+01  2.36592590e-02  1.72719565e-06 
 2.86592590e-02  1.19999999e+01  2.86592590e-02  1.72719565e-06 
 3.36592590e-02  1.19999999e+01  3.36592590e-02  1.72719565e-06 
 3.86592590e-02  1.19999999e+01  3.86592590e-02  1.72719565e-06 
 4.36592590e-02  1.19999999e+01  4.36592590e-02  1.72719565e-06 
 4.86592590e-02  1.19999999e+01  4.86592590e-02  1.72719565e-06 
 5.00000000e-02  1.19999999e+01  5.00000000e-02  1.72719565e-06 
 5.05000000e-02  1.19999999e+01  5.05000000e-02  1.72719565e-06 
 5.15000000e-02  1.19999999e+01  5.15000000e-02  1.72719565e-06 
 5.35000000e-02  1.19999999e+01  5.35000000e-02  1.72719565e-06 
 5.75000000e-02  1.19999999e+01  5.75000000e-02  1.72719565e-06 
 6.25000000e-02  1.19999999e+01  6.25000000e-02  1.72719565e-06 
 6.75000000e-02  1.19999999e+01  6.75000000e-02  1.72719565e-06 
 7.25000000e-02  1.19999999e+01  7.25000000e-02  1.72719565e-06 
 7.75000000e-02  1.19999999e+01  7.75000000e-02  1.72719565e-06 
 8.25000000e-02  1.19999999e+01  8.25000000e-02  1.72719565e-06 
 8.75000000e-02  1.19999999e+01  8.75000000e-02  1.72719565e-06 
 9.25000000e-02  1.19999999e+01  9.25000000e-02  1.72719565e-06 
 9.75000000e-02  1.19999999e+01  9.75000000e-02  1.72719565e-06 
 1.02500000e-01  1.19999999e+01  1.02500000e-01  1.72719565e-06 
 1.07500000e-01  1.19999999e+01  1.07500000e-01  1.72719565e-06 
 1.12500000e-01  1.19999999e+01  1.12500000e-01  1.72719565e-06 
 1.17500000e-01  1.19999999e+01  1.17500000e-01  1.72719565e-06 
 1.22500000e-01  1.19999999e+01  1.22500000e-01  1.72719565e-06 
 1.27500000e-01  1.19999999e+01  1.27500000e-01  1.72719565e-06 
 1.32500000e-01  1.19999999e+01  1.32500000e-01  1.72719565e-06 
 1.37500000e-01  1.19999999e+01  1.37500000e-01  1.72719565e-06 
 1.42500000e-01  1.19999999e+01  1.42500000e-01  1.72719565e-06 
 1.47500000e-01  1.19999999e+01  1.47500000e-01  1.72719565e-06 
 1.52500000e-01  1.19999999e+01  1.52500000e-01  1.72719565e-06 
 1.57500000e-01  1.19999999e+01  1.57500000e-01  1.72719565e-06 
 1.62500000e-01  1.19999999e+01  1.62500000e-01  1.72719565e-06 
 1.67500000e-01  1.19999999e+01  1.67500000e-01  1.72719565e-06 
 1.72500000e-01  1.19999999e+01  1.72500000e-01  1.72719565e-06 
 1.77500000e-01  1.19999999e+01  1.77500000e-01  1.72719565e-06 
 1.82500000e-01  1.19999999e+01  1.82500000e-01  1.72719565e-06 
 1.87500000e-01  1.19999999e+01  1.87500000e-01  1.72719565e-06 
 1.92500000e-01  1.19999999e+01  1.92500000e-01  1.72719565e-06 
 1.97500000e-01  1.19999999e+01  1.97500000e-01  1.72719565e-06 
 2.02500000e-01  1.19999999e+01  2.02500000e-01  1.72719565e-06 
 2.07500000e-01  1.19999999e+01  2.07500000e-01  1.72719565e-06 
 2.12500000e-01  1.19999999e+01  2.12500000e-01  1.72719565e-06 
 2.17500000e-01  1.19999999e+01  2.17500000e-01  1.72719565e-06 
 2.22500000e-01  1.19999999e+01  2.22500000e-01  1.72719565e-06 
 2.27500000e-01  1.19999999e+01  2.27500000e-01  1.72719565e-06 
 2.32500000e-01  1.19999999e+01  2.32500000e-01  1.72719565e-06 
 2.37500000e-01  1.19999999e+01  2.37500000e-01  1.72719565e-06 
 2.42500000e-01  1.19999999e+01  2.42500000e-01  1.72719565e-06 
 2.47500000e-01  1.19999999e+01  2.47500000e-01  1.72719565e-06 
 2.50000000e-01  1.19999999e+01  2.50000000e-01  1.72719565e-06 
 2.50500000e-01  1.19999999e+01  2.50500000e-01  1.72719565e-06 
 2.51500000e-01  1.19999999e+01  2.51500000e-01  1.72719565e-06 
 2.52708333e-01  1.19999999e+01  2.52708333e-01  1.72719565e-06 
 2.53158854e-01  1.19999999e+01  2.53158854e-01  1.72719565e-06 
 2.53947266e-01  1.19999999e+01  2.53947266e-01  1.72719565e-06 
 2.54165487e-01  1.19999999e+01  2.54165487e-01  1.72719565e-06 
 2.54547373e-01  1.19999999e+01  2.54547373e-01  1.72719565e-06 
 2.54653074e-01  1.19999999e+01  2.54653074e-01  1.72719565e-06 
 2.54838051e-01  1.19999999e+01  2.54838051e-01  1.72719565e-06 
 2.55042846e-01  3.87442013e+00  2.55042846e-01  1.72719565e-06 
 2.55452437e-01  3.84816347e+00  2.55452437e-01  1.72719565e-06 
 2.56271618e-01  3.81216744e+00  2.56271618e-01  1.72719565e-06 
 2.57909980e-01  3.76893417e+00  2.57909980e-01  1.72719565e-06 
 2.60000000e-01  3.73722428e+00  2.60000000e-01  1.72719565e-06 
 2.60327673e-01  3.73352362e+00  2.60327673e-01  1.72719565e-06 
 2.60983018e-01  3.72648648e+00  2.60983018e-01  1.72719565e-06 
 2.62293708e-01  3.71424924e+00  2.62293708e-01  1.72719565e-06 
 2.64915088e-01  3.69481598e+00  2.64915088e-01  1.72719565e-06 
 2.69915088e-01  3.66842938e+00  2.69915088e-01  1.72719565e-06 
 2.74915088e-01  3.64989012e+00  2.74915088e-01  1.72719565e-06 
 2.79915088e-01  3.63545630e+00  2.79915088e-01  1.72719565e-06 
 2.84915088e-01  3.62363437e+00  2.84915088e-01  1.72719565e-06 
 2.89915088e-01  3.61363501e+00  2.89915088e-01  1.72719565e-06 
 2.94915088e-01  3.60497238e+00  2.94915088e-01  1.72719565e-06 
 2.99915088e-01  3.59733127e+00  2.99915088e-01  1.72719565e-06 
 3.04915088e-01  3.59049612e+00  3.04915088e-01  1.72719565e-06 
 3.09915088e-01  3.58431310e+00  3.09915088e-01  1.72719565e-06 
 3.14915088e-01  3.57866859e+00  3.14915088e-01  1.72719565e-06 
 3.19915088e-01  3.57347629e+00  3.19915088e-01  1.72719565e-06 
 3.24915088e-01  3.56866912e+00  3.24915088e-01  1.72719565e-06 
 3.29915088e-01  3.56419390e+00  3.29915088e-01  1.72719565e-06 
 3.34915088e-01  3.56000776e+00  3.34915088e-01  1.72719565e-06 
 3.39915088e-01  3.55607563e+00  3.39915088e-01  1.72719565e-06 
 3.44915088e-01  3.55236845e+00  3.44915088e-01  1.72719565e-06 
 3.49915088e-01  3.54886189e+00  3.49915088e-01  1.72719565e-06 
 3.54915088e-01  3.54553536e+00  3.54915088e-01  1.72719565e-06 
 3.59915088e-01  3.54237127e+00  3.59915088e-01  1.72719565e-06 
 3.64915088e-01  3.53935453e+00  3.64915088e-01  1.72719565e-06 
 3.69915088e-01  3.53647200e+00  3.69915088e-01  1.72719565e-06 
 3.74915088e-01  3.53371228e+00  3.74915088e-01  1.72719565e-06 
 3.79915088e-01  3.53106532e+00  3.79915088e-01  1.72719565e-06 
 3.84915088e-01  3.52852229e+00  3.84915088e-01  1.72719565e-06 
 3.89915088e-01  3.52607532e+00  3.89915088e-01  1.72719565e-06 
 3.94915088e-01  3.52371743e+00  3.94915088e-01  1.72719565e-06 
 3.99915088e-01  3.52144237e+00  3.99915088e-01  1.72719565e-06 
 4.04915088e-01  3.51924451e+00  4.04915088e-01  1.72719565e-06 
 4.09915088e-01  3.51711880e+00  4.09915088e-01  1.72719565e-06 
 4.14915088e-01  3.51506064e+00  4.14915088e-01  1.72719565e-06 
 4.19915088e-01  3.51306588e+00  4.19915088e-01  1.72719565e-06 
 4.24915088e-01  3.51113074e+00  4.24915088e-01  1.72719565e-06 
 4.29915088e-01  3.50925174e+00  4.29915088e-01  1.72719565e-06 
 4.34915088e-01  3.50742574e+00  4.34915088e-01  1.72719565e-06 
 4.39915088e-01  3.50564981e+00  4.39915088e-01  1.72719565e-06 
 4.44915088e-01  3.50392130e+00  4.44915088e-01  1.72719565e-06 
 4.49915088e-01  3.50223773e+00  4.49915088e-01  1.72719565e-06 
 4.54915088e-01  3.50059684e+00  4.54915088e-01  1.72719565e-06 
 4.59915088e-01  3.49899650e+00  4.59915088e-01  1.72719565e-06 
 4.64915088e-01  3.49743476e+00  4.64915088e-01  1.72719565e-06 
 4.69915088e-01  3.49590982e+00  4.69915088e-01  1.72719565e-06 
 4.74915088e-01  3.49441997e+00  4.74915088e-01  1.72719565e-06 
 4.79915088e-01  3.49296363e+00  4.79915088e-01  1.72719565e-06 
 4.84915088e-01  3.49153934e+00  4.84915088e-01  1.72719565e-06 
 4.89915088e-01  3.49014571e+00  4.89915088e-01  1.72719565e-06 
 4.94915088e-01  3.48878145e+00  4.94915088e-01  1.72719565e-06 
 4.99915088e-01  3.48744535e+00  4.99915088e-01  1.72719565e-06 
 5.04915088e-01  3.48613627e+00  5.04915088e-01  1.72719565e-06 
 5.09915088e-01  3.48485314e+00  5.09915088e-01  1.72719565e-06 
 5.14915088e-01  3.48359495e+00  5.14915088e-01  1.72719565e-06 
 5.19915088e-01  3.48236075e+00  5.19915088e-01  1.72719565e-06 
 5.24915088e-01  3.48114964e+00  5.24915088e-01  1.72719565e-06 
 5.29915088e-01  3.47996079e+00  5.29915088e-01  1.72719565e-06 
 5.34915088e-01  3.47879337e+00  5.34915088e-01  1.72719565e-06 
 5.39915088e-01  3.47764664e+00  5.39915088e-01  1.72719565e-06 
 5.44915088e-01  3.47651987e+00  5.44915088e-01  1.72719565e-06 
 5.49915088e-01  3.47541238e+00  5.49915088e-01  1.72719565e-06 
 5.54915088e-01  3.47432353e+00  5.54915088e-01  1.72719565e-06 
 5.59915088e-01  3.47325269e+00  5.59915088e-01  1.72719565e-06 
 5.64915088e-01  3.47219928e+00  5.64915088e-01  1.72719565e-06 
 5.69915088e-01  3.47116274e+00  5.69915088e-01  1.72719565e-06 
 5.74915088e-01  3.47014254e+00  5.74915088e-01  1.72719565e-06 
 5.79915088e-01  3.46913818e+00  5.79915088e-01  1.72719565e-06 
 5.84915088e-01  3.46814916e+00  5.84915088e-01  1.72719565e-06 
 5.89915088e-01  3.46717503e+00  5.89915088e-01  1.72719565e-06 
 5.94915088e-01  3.46621535e+00  5.94915088e-01  1.72719565e-06 
 5.99915088e-01  3.46526969e+00  5.99915088e-01  1.72719565e-06 
 6.04915088e-01  3.46433765e+00  6.04915088e-01  1.72719565e-06 
 6.09915088e-01  3.46341885e+00  6.09915088e-01  1.72719565e-06 
 6.14915088e-01  3.46251291e+00  6.14915088e-01  1.72719565e-06 
 6.19915088e-01  3.46161947e+00  6.19915088e-01  1.72719565e-06 
 6.24915088e-01  3.46073821e+00  6.24915088e-01  1.72719565e-06 
 6.29915088e-01  3.45986878e+00  6.29915088e-01  1.72719565e-06 
 6.34915088e-01  3.45901088e+00  6.34915088e-01  1.72719565e-06 
 6.39915088e-01  3.45816420e+00  6.39915088e-01  1.72719565e-06 
 6.44915088e-01  3.45732846e+00  6.44915088e-01  1.72719565e-06 
 6.49915088e-01  3.45650338e+00  6.49915088e-01  1.72719565e-06 
 6.54915088e-01  3.45568869e+00  6.54915088e-01  1.72719565e-06 
 6.59915088e-01  3.45488412e+00  6.59915088e-01  1.72719565e-06 
 6.64915088e-01  3.45408944e+00  6.64915088e-01  1.72719565e-06 
 6.69915088e-01  3.45330440e+00  6.69915088e-01  1.72719565e-06 
 6.74915088e-01  3.45252876e+00  6.74915088e-01  1.72719565e-06 
 6.79915088e-01  3.45176232e+00  6.79915088e-01  1.72719565e-06 
 6.84915088e-01  3.45100485e+00  6.84915088e-01  1.72719565e-06 
 6.89915088e-01  3.45025614e+00  6.89915088e-01  1.72719565e-06 
 6.94915088e-01  3.44951600e+00  6.94915088e-01  1.72719565e-06 
 6.99915088e-01  3.44878423e+00  6.99915088e-01  1.72719565e-06 
 7.04915088e-01  3.44806064e+00  7.04915088e-01  1.72719565e-06 
 7.09915088e-01  3.44734505e+00  7.09915088e-01  1.72719565e-06 
 7.14915088e-01  3.44663730e+00  7.14915088e-01  1.72719565e-06 
 7.19915088e-01  3.44593720e+00  7.19915088e-01  1.72719565e-06 
 7.24915088e-01  3.44524459e+00  7.24915088e-01  1.72719565e-06 
 7.29915088e-01  3.44455932e+00  7.29915088e-01  1.72719565e-06 
 7.34915088e-01  3.44388124e+00  7.34915088e-01  1.72719565e-06 
 7.39915088e-01  3.44321018e+00  7.39915088e-01  1.72719565e-06 
 7.44915088e-01  3.44254601e+00  7.44915088e-01  1.72719565e-06 
 7.49915088e-01  3.44188860e+00  7.49915088e-01  1.72719565e-06 
 7.54915088e-01  3.44123779e+00  7.54915088e-01  1.72719565e-06 
 7.59915088e-01  3.44059347e+00  7.59915088e-01  1.72719565e-06 
 7.64915088e-01  3.43995550e+00  7.64915088e-01  1.72719565e-06 
 7.69915088e-01  3.43932376e+00  7.69915088e-01  1.72719565e-06 
 7.74915088e-01  3.43869813e+00  7.74915088e-01  1.72719565e-06 
 7.79915088e-01  3.43807849e+00  7.79915088e-01  1.72719565e-06 
 7.84915088e-01  3.43746473e+00  7.84915088e-01  1.72719565e-06 
 7.89915088e-01  3.43685674e+00  7.89915088e-01  1.72719565e-06 
 7.94915088e-01  3.43625441e+00  7.94915088e-01  1.72719565e-06 
 7.99915088e-01  3.43565763e+00  7.99915088e-01  1.72719565e-06 
 8.04915088e-01  3.43506631e+00  8.04915088e-01  1.72719565e-06 
 8.09915088e-01  3.43448034e+00  8.09915088e-01  1.72719565e-06 
 8.14915088e-01  3.43389964e+00  8.14915088e-01  1.72719565e-06 
 8.19915088e-01  3.43332410e+00  8.19915088e-01  1.72719565e-06 
 8.24915088e-01  3.43275363e+00  8.24915088e-01  1.72719565e-06 
 8.29915088e-01  3.43218815e+00  8.29915088e-01  1.72719565e-06 
 8.34915088e-01  3.43162757e+00  8.34915088e-01  1.72719565e-06 
 8.39915088e-01  3.43107181e+00  8.39915088e-01  1.72719565e-06 
 8.44915088e-01  3.43052078e+00  8.44915088e-01  1.72719565e-06 
 8.49915088e-01  3.42997441e+00  8.49915088e-01  1.72719565e-06 
 8.54915088e-01  3.42943261e+00  8.54915088e-01  1.72719565e-06 
 8.59915088e-01  3.42889531e+00  8.59915088e-01  1.72719565e-06 
 8.64915088e-01  3.42836243e+00  8.64915088e-01  1.72719565e-06 
 8.69915088e-01  3.42783391e+00  8.69915088e-01  1.72719565e-06 
 8.74915088e-01  3.42730967e+00  8.74915088e-01  1.72719565e-06 
 8.79915088e-01  3.42678965e+00  8.79915088e-01  1.72719565e-06 
 8.84915088e-01  3.42627377e+00  8.84915088e-01  1.72719565e-06 
 8.89915088e-01  3.42576198e+00  8.89915088e-01  1.72719565e-06 
 8.94915088e-01  3.42525420e+00  8.94915088e-01  1.72719565e-06 
 8.99915088e-01  3.42475038e+00  8.99915088e-01  1.72719565e-06 
 9.04915088e-01  3.42425045e+00  9.04915088e-01  1.72719565e-06 
 9.09915088e-01  3.42375435e+00  9.09915088e-01  1.72719565e-06 
 9.14915088e-01  3.42326203e+00  9.14915088e-01  1.72719565e-06 
 9.19915088e-01  3.42277343e+00  9.19915088e-01  1.72719565e-06 
 9.24915088e-01  3.42228849e+00  9.24915088e-01  1.72719565e-06 
 9.29915088e-01  3.42180716e+00  9.29915088e-01  1.72719565e-06 
 9.34915088e-01  3.42132938e+00  9.34915088e-01  1.72719565e-06 
 9.39915088e-01  3.42085511e+00  9.39915088e-01  1.72719565e-06 
 9.44915088e-01  3.42038429e+00  9.44915088e-01  1.72719565e-06 
 9.49915088e-01  3.41991687e+00  9.49915088e-01  1.72719565e-06 
 9.54915088e-01  3.41945280e+00  9.54915088e-01  1.72719565e-06 
 9.59915088e-01  3.41899204e+00  9.59915088e-01  1.72719565e-06 
 9.64915088e-01  3.41853454e+00  9.64915088e-01  1.72719565e-06 
 9.69915088e-01  3.41808025e+00  9.69915088e-01  1.72719565e-06 
 9.74915088e-01  3.41762913e+00  9.74915088e-01  1.72719565e-06 
 9.79915088e-01  3.41718113e+00  9.79915088e-01  1.72719565e-06 
 9.84915088e-01  3.41673621e+00  9.84915088e-01  1.72719565e-06 
 9.89915088e-01  3.41629434e+00  9.89915088e-01  1.72719565e-06 
 9.94915088e-01  3.41585546e+00  9.94915088e-01  1.72719565e-06 
 9.99915088e-01  3.41541954e+00  9.99915088e-01  1.72719565e-06 
 1.00491509e+00  3.41498653e+00  1.00491509e+00  1.72719565e-06 
 1.00991509e+00  3.41455641e+00  1.00991509e+00  1.72719565e-06 
 1.01491509e+00  3.41412913e+00  1.01491509e+00  1.72719565e-06 
 1.01991509e+00  3.41370465e+00  1.01991509e+00  1.72719565e-06 
 1.02491509e+00  3.41328294e+00  1.02491509e+00  1.72719565e-06 
 1.02991509e+00  3.41286396e+00  1.02991509e+00  1.72719565e-06 
 1.03491509e+00  3.41244767e+00  1.03491509e+00  1.72719565e-06 
 1.03991509e+00  3.41203405e+00  1.03991509e+00  1.72719565e-06 
 1.04491509e+00  3.41162306e+00  1.04491509e+00  1.72719565e-06 
 1.04991509e+00  3.41121466e+00  1.04991509e+00  1.72719565e-06 
 1.05491509e+00  3.41080882e+00  1.05491509e+00  1.72719565e-06 
 1.05991509e+00  3.41040552e+00  1.05991509e+00  1.72719565e-06 
 1.06491509e+00  3.41000471e+00  1.06491509e+00  1.72719565e-06 
 1.06991509e+00  3.40960637e+00  1.06991509e+00  1.72719565e-06 
 1.07491509e+00  3.40921047e+00  1.07491509e+00  1.72719565e-06 
 1.07991509e+00  3.40881698e+00  1.07991509e+00  1.72719565e-06 
 1.08491509e+00  3.40842586e+00  1.08491509e+00  1.72719565e-06 
 1.08991509e+00  3.40803710e+00  1.08991509e+00  1.72719565e-06 
 1.09491509e+00  3.40765066e+00  1.09491509e+00  1.72719565e-06 
 1.09991509e+00  3.40726651e+00  1.09991509e+00  1.72719565e-06 
 1.10491509e+00  3.40688464e+00  1.10491509e+00  1.72719565e-06 
 1.10991509e+00  3.40650500e+00  1.10991509e+00  1.72719565e-06 
 1.11491509e+00  3.40612758e+00  1.11491509e+00  1.72719565e-06 
 1.11991509e+00  3.40575235e+00  1.11991509e+00  1.72719565e-06 
 1.12491509e+00  3.40537928e+00  1.12491509e+00  1.72719565e-06 
 1.12991509e+00  3.40500835e+00  1.12991509e+00  1.72719565e-06 
 1.13491509e+00  3.40463954e+00  1.13491509e+00  1.72719565e-06 
 1.13991509e+00  3.40427282e+00  1.13991509e+00  1.72719565e-06 
 1.14491509e+00  3.40390816e+00  1.14491509e+00  1.72719565e-06 
 1.14991509e+00  3.40354555e+00  1.14991509e+00  1.72719565e-06 
 1.15491509e+00  3.40318496e+00  1.15491509e+00  1.72719565e-06 
 1.15991509e+00  3.40282637e+00  1.15991509e+00  1.72719565e-06 
 1.16491509e+00  3.40246976e+00  1.16491509e+00  1.72719565e-06 
 1.16991509e+00  3.40211510e+00  1.16991509e+00  1.72719565e-06 
 1.17491509e+00  3.40176238e+00  1.17491509e+00  1.72719565e-06 
 1.17991509e+00  3.40141157e+00  1.17991509e+00  1.72719565e-06 
 1.18491509e+00  3.40106265e+00  1.18491509e+00  1.72719565e-06 
 1.18991509e+00  3.40071560e+00  1.18991509e+00  1.72719565e-06 
 1.19491509e+00  3.40037041e+00  1.19491509e+00  1.72719565e-06 
 1.19991509e+00  3.40002705e+00  1.19991509e+00  1.72719565e-06 
 1.20491509e+00  3.39968550e+00  1.20491509e+00  1.72719565e-06 
 1.20991509e+00  3.39934574e+00  1.20991509e+00  1.72719565e-06 
 1.21491509e+00  3.39900776e+00  1.21491509e+00  1.72719565e-06 
 1.21991509e+00  3.39867154e+00  1.21991509e+00  1.72719565e-06 
 1.22491509e+00  3.39833706e+00  1.22491509e+00  1.72719565e-06 
 1.22991509e+00  3.39800429e+00  1.22991509e+00  1.72719565e-06 
 1.23491509e+00  3.39767323e+00  1.23491509e+00  1.72719565e-06 
 1.23991509e+00  3.39734386e+00  1.23991509e+00  1.72719565e-06 
 1.24491509e+00  3.39701615e+00  1.24491509e+00  1.72719565e-06 
 1.24991509e+00  3.39669010e+00  1.24991509e+00  1.72719565e-06 
 1.25491509e+00  3.39636568e+00  1.25491509e+00  1.72719565e-06 
 1.25991509e+00  3.39604288e+00  1.25991509e+00  1.72719565e-06 
 1.26491509e+00  3.39572169e+00  1.26491509e+00  1.72719565e-06 
 1.26991509e+00  3.39540208e+00  1.26991509e+00  1.72719565e-06 
 1.27491509e+00  3.39508404e+00  1.27491509e+00  1.72719565e-06 
 1.27991509e+00  3.39476756e+00  1.27991509e+00  1.72719565e-06 
 1.28491509e+00  3.39445262e+00  1.28491509e+00  1.72719565e-06 
 1.28991509e+00  3.39413921e+00  1.28991509e+00  1.72719565e-06 
 1.29491509e+00  3.39382731e+00  1.29491509e+00  1.72719565e-06 
 1.29991509e+00  3.39351690e+00  1.29991509e+00  1.72719565e-06 
 1.30491509e+00  3.39320798e+00  1.30491509e+00  1.72719565e-06 
 1.30991509e+00  3.39290052e+00  1.30991509e+00  1.72719565e-06 
 1.31491509e+00  3.39259452e+00  1.31491509e+00  1.72719565e-06 
 1.31991509e+00  3.39228996e+00  1.31991509e+00  1.72719565e-06 
 1.32491509e+00  3.39198683e+00  1.32491509e+00  1.72719565e-06 
 1.32991509e+00  3.39168511e+00  1.32991509e+00  1.72719565e-06 
 1.33491509e+00  3.39138480e+00  1.33491509e+00  1.72719565e-06 
 1.33991509e+00  3.39108587e+00  1.33991509e+00  1.72719565e-06 
 1.34491509e+00  3.39078831e+00  1.34491509e+00  1.72719565e-06 
 1.34991509e+00  3.39049212e+00  1.34991509e+00  1.72719565e-06 
 1.35491509e+00  3.39019728e+00  1.35491509e+00  1.72719565e-06 
 1.35991509e+00  3.38990378e+00  1.35991509e+00  1.72719565e-06 
 1.36491509e+00  3.38961160e+00  1.36491509e+00  1.72719565e-06 
 1.36991509e+00  3.38932074e+00  1.36991509e+00  1.72719565e-06 
 1.37491509e+00  3.38903118e+00  1.37491509e+00  1.72719565e-06 
 1.37991509e+00  3.38874290e+00  1.37991509e+00  1.72719565e-06 
 1.38491509e+00  3.38845591e+00  1.38491509e+00  1.72719565e-06 
 1.38991509e+00  3.38817019e+00  1.38991509e+00  1.72719565e-06 
 1.39491509e+00  3.38788572e+00  1.39491509e+00  1.72719565e-06 
 1.39991509e+00  3.38760250e+00  1.39991509e+00  1.72719565e-06 
 1.40491509e+00  3.38732051e+00  1.40491509e+00  1.72719565e-06 
 1.40991509e+00  3.38703975e+00  1.40991509e+00  1.72719565e-06 
 1.41491509e+00  3.38676020e+00  1.41491509e+00  1.72719565e-06 
 1.41991509e+00  3.38648186e+00  1.41991509e+00  1.72719565e-06 
 1.42491509e+00  3.38620470e+00  1.42491509e+00  1.72719565e-06 
 1.42991509e+00  3.38592873e+00  1.42991509e+00  1.72719565e-06 
 1.43491509e+00  3.38565393e+00  1.43491509e+00  1.72719565e-06 
 1.43991509e+00  3.38538030e+00  1.43991509e+00  1.72719565e-06 
 1.44491509e+00  3.38510782e+00  1.44491509e+00  1.72719565e-06 
 1.44991509e+00  3.38483648e+00  1.44991509e+00  1.72719565e-06 
 1.45491509e+00  3.38456627e+00  1.45491509e+00  1.72719565e-06 
 1.45991509e+00  3.38429719e+00  1.45991509e+00  1.72719565e-06 
 1.46491509e+00  3.38402922e+00  1.46491509e+00  1.72719565e-06 
 1.46991509e+00  3.38376236e+00  1.46991509e+00  1.72719565e-06 
 1.47491509e+00  3.38349660e+00  1.47491509e+00  1.72719565e-06 
 1.47991509e+00  3.38323192e+00  1.47991509e+00  1.72719565e-06 
 1.48491509e+00  3.38296832e+00  1.48491509e+00  1.72719565e-06 
 1.48991509e+00  3.38270579e+00  1.48991509e+00  1.72719565e-06 
 1.49491509e+00  3.38244432e+00  1.49491509e+00  1.72719565e-06 
 1.49991509e+00  3.38218391e+00  1.49991509e+00  1.72719565e-06 
 1.50491509e+00  3.38192454e+00  1.50491509e+00  1.72719565e-06 
 1.50991509e+00  3.38166620e+00  1.50991509e+00  1.72719565e-06 
 1.51491509e+00  3.38140890e+00  1.51491509e+00  1.72719565e-06 
 1.51991509e+00  3.38115261e+00  1.51991509e+00  1.72719565e-06 
 1.52491509e+00  3.38089734e+00  1.52491509e+00  1.72719565e-06 
 1.52991509e+00  3.38064306e+00  1.52991509e+00  1.72719565e-06 
 1.53491509e+00  3.38038979e+00  1.53491509e+00  1.72719565e-06 
 1.53991509e+00  3.38013750e+00  1.53991509e+00  1.72719565e-06 
 1.54491509e+00  3.37988619e+00  1.54491509e+00  1.72719565e-06 
 1.54991509e+00  3.37963586e+00  1.54991509e+00  1.72719565e-06 
 1.55491509e+00  3.37938649e+00  1.55491509e+00  1.72719565e-06 
 1.55991509e+00  3.37913807e+00  1.55991509e+00  1.72719565e-06 
 1.56491509e+00  3.37889061e+00  1.56491509e+00  1.72719565e-06 
 1.56991509e+00  3.37864409e+00  1.56991509e+00  1.72719565e-06 
 1.57491509e+00  3.37839851e+00  1.57491509e+00  1.72719565e-06 
 1.57991509e+00  3.37815386e+00  1.57991509e+00  1.72719565e-06 
 1.58491509e+00  3.37791013e+00  1.58491509e+00  1.72719565e-06 
 1.58991509e+00  3.37766731e+00  1.58991509e+00  1.72719565e-06 
 1.59491509e+00  3.37742540e+00  1.59491509e+00  1.72719565e-06 
 1.59991509e+00  3.37718440e+00  1.59991509e+00  1.72719565e-06 
 1.60491509e+00  3.37694428e+00  1.60491509e+00  1.72719565e-06 
 1.60991509e+00  3.37670506e+00  1.60991509e+00  1.72719565e-06 
 1.61491509e+00  3.37646672e+00  1.61491509e+00  1.72719565e-06 
 1.61991509e+00  3.37622925e+00  1.61991509e+00  1.72719565e-06 
 1.62491509e+00  3.37599265e+00  1.62491509e+00  1.72719565e-06 
 1.62991509e+00  3.37575692e+00  1.62991509e+00  1.72719565e-06 
 1.63491509e+00  3.37552204e+00  1.63491509e+00  1.72719565e-06 
 1.63991509e+00  3.37528800e+00  1.63991509e+00  1.72719565e-06 
 1.64491509e+00  3.37505482e+00  1.64491509e+00  1.72719565e-06 
 1.64991509e+00  3.37482247e+00  1.64991509e+00  1.72719565e-06 
 1.65491509e+00  3.37459095e+00  1.65491509e+00  1.72719565e-06 
 1.65991509e+00  3.37436026e+00  1.65991509e+00  1.72719565e-06 
 1.66491509e+00  3.37413039e+00  1.66491509e+00  1.72719565e-06 
 1.66991509e+00  3.37390133e+00  1.66991509e+00  1.72719565e-06 
 1.67491509e+00  3.37367308e+00  1.67491509e+00  1.72719565e-06 
 1.67991509e+00  3.37344564e+00  1.67991509e+00  1.72719565e-06 
 1.68491509e+00  3.37321899e+00  1.68491509e+00  1.72719565e-06 
 1.68991509e+00  3.37299313e+00  1.68991509e+00  1.72719565e-06 
 1.69491509e+00  3.37276806e+00  1.69491509e+00  1.72719565e-06 
 1.69991509e+00  3.37254377e+00  1.69991509e+00  1.72719565e-06 
 1.70491509e+00  3.37232025e+00  1.70491509e+00  1.72719565e-06 
 1.70991509e+00  3.37209751e+00  1.70991509e+00  1.72719565e-06 
 1.71491509e+00  3.37187553e+00  1.71491509e+00  1.72719565e-06 
 1.71991509e+00  3.37165430e+00  1.71991509e+00  1.72719565e-06 
 1.72491509e+00  3.37143384e+00  1.72491509e+00  1.72719565e-06 
 1.72991509e+00  3.37121412e+00  1.72991509e+00  1.72719565e-06 
 1.73491509e+00  3.37099514e+00  1.73491509e+00  1.72719565e-06 
 1.73991509e+00  3.37077691e+00  1.73991509e+00  1.72719565e-06 
 1.74491509e+00  3.37055940e+00  1.74491509e+00  1.72719565e-06 
 1.74991509e+00  3.37034263e+00  1.74991509e+00  1.72719565e-06 
 1.75491509e+00  3.37012658e+00  1.75491509e+00  1.72719565e-06 
 1.75991509e+00  3.36991125e+00  1.75991509e+00  1.72719565e-06 
 1.76491509e+00  3.36969664e+00  1.76491509e+00  1.72719565e-06 
 1.76991509e+00  3.36948273e+00  1.76991509e+00  1.72719565e-06 
 1.77491509e+00  3.36926953e+00  1.77491509e+00  1.72719565e-06 
 1.77991509e+00  3.36905703e+00  1.77991509e+00  1.72719565e-06 
 1.78491509e+00  3.36884523e+00  1.78491509e+00  1.72719565e-06 
 1.78991509e+00  3.36863411e+00  1.78991509e+00  1.72719565e-06 
 1.79491509e+00  3.36842369e+00  1.79491509e+00  1.72719565e-06 
 1.79991509e+00  3.36821395e+00  1.79991509e+00  1.72719565e-06 
 1.80491509e+00  3.36800488e+00  1.80491509e+00  1.72719565e-06 
 1.80991509e+00  3.36779649e+00  1.80991509e+00  1.72719565e-06 
 1.81491509e+00  3.36758877e+00  1.81491509e+00  1.72719565e-06 
 1.81991509e+00  3.36738171e+00  1.81991509e+00  1.72719565e-06 
 1.82491509e+00  3.36717531e+00  1.82491509e+00  1.72719565e-06 
 1.82991509e+00  3.36696957e+00  1.82991509e+00  1.72719565e-06 
 1.83491509e+00  3.36676448e+00  1.83491509e+00  1.72719565e-06 
 1.83991509e+00  3.36656005e+00  1.83991509e+00  1.72719565e-06 
 1.84491509e+00  3.36635625e+00  1.84491509e+00  1.72719565e-06 
 1.84991509e+00  3.36615310e+00  1.84991509e+00  1.72719565e-06 
 1.85491509e+00  3.36595058e+00  1.85491509e+00  1.72719565e-06 
 1.85991509e+00  3.36574869e+00  1.85991509e+00  1.72719565e-06 
 1.86491509e+00  3.36554743e+00  1.86491509e+00  1.72719565e-06 
 1.86991509e+00  3.36534680e+00  1.86991509e+00  1.72719565e-06 
 1.87491509e+00  3.36514679e+00  1.87491509e+00  1.72719565e-06 
 1.87991509e+00  3.36494739e+00  1.87991509e+00  1.72719565e-06 
 1.88491509e+00  3.36474860e+00  1.88491509e+00  1.72719565e-06 
 1.88991509e+00  3.36455043e+00  1.88991509e+00  1.72719565e-06 
 1.89491509e+00  3.36435286e+00  1.89491509e+00  1.72719565e-06 
 1.89991509e+00  3.36415589e+00  1.89991509e+00  1.72719565e-06 
 1.90491509e+00  3.36395952e+00  1.90491509e+00  1.72719565e-06 
 1.90991509e+00  3.36376375e+00  1.90991509e+00  1.72719565e-06 
 1.91491509e+00  3.36356856e+00  1.91491509e+00  1.72719565e-06 
 1.91991509e+00  3.36337397e+00  1.91991509e+00  1.72719565e-06 
 1.92491509e+00  3.36317995e+00  1.92491509e+00  1.72719565e-06 
 1.92991509e+00  3.36298652e+00  1.92991509e+00  1.72719565e-06 
 1.93491509e+00  3.36279366e+00  1.93491509e+00  1.72719565e-06 
 1.93991509e+00  3.36260138e+00  1.93991509e+00  1.72719565e-06 
 1.94491509e+00  3.36240967e+00  1.94491509e+00  1.72719565e-06 
 1.94991509e+00  3.36221852e+00  1.94991509e+00  1.72719565e-06 
 1.95491509e+00  3.36202794e+00  1.95491509e+00  1.72719565e-06 
 1.95991509e+00  3.36183792e+00  1.95991509e+00  1.72719565e-06 
 1.96491509e+00  3.36164845e+00  1.96491509e+00  1.72719565e-06 
 1.96991509e+00  3.36145954e+00  1.96991509e+00  1.72719565e-06 
 1.97491509e+00  3.36127118e+00  1.97491509e+00  1.72719565e-06 
 1.97991509e+00  3.36108336e+00  1.97991509e+00  1.72719565e-06 
 1.98491509e+00  3.36089609e+00  1.98491509e+00  1.72719565e-06 
 1.98991509e+00  3.36070936e+00  1.98991509e+00  1.72719565e-06 
 1.99491509e+00  3.36052316e+00  1.99491509e+00  1.72719565e-06 
 1.99991509e+00  3.36033751e+00  1.99991509e+00  1.72719565e-06 
 2.00491509e+00  3.36015238e+00  2.00491509e+00  1.72719565e-06 
 2.00991509e+00  3.35996778e+00  2.00991509e+00  1.72719565e-06 
 2.01491509e+00  3.35978371e+00  2.01491509e+00  1.72719565e-06 
 2.01991509e+00  3.35960015e+00  2.01991509e+00  1.72719565e-06 
 2.02491509e+00  3.35941712e+00  2.02491509e+00  1.72719565e-06 
 2.02991509e+00  3.35923461e+00  2.02991509e+00  1.72719565e-06 
 2.03491509e+00  3.35905261e+00  2.03491509e+00  1.72719565e-06 
 2.03991509e+00  3.35887112e+00  2.03991509e+00  1.72719565e-06 
 2.04491509e+00  3.35869013e+00  2.04491509e+00  1.72719565e-06 
 2.04991509e+00  3.35850965e+00  2.04991509e+00  1.72719565e-06 
 2.05491509e+00  3.35832968e+00  2.05491509e+00  1.72719565e-06 
 2.05991509e+00  3.35815020e+00  2.05991509e+00  1.72719565e-06 
 2.06491509e+00  3.35797122e+00  2.06491509e+00  1.72719565e-06 
 2.06991509e+00  3.35779274e+00  2.06991509e+00  1.72719565e-06 
 2.07491509e+00  3.35761474e+00  2.07491509e+00  1.72719565e-06 
 2.07991509e+00  3.35743724e+00  2.07991509e+00  1.72719565e-06 
 2.08491509e+00  3.35726022e+00  2.08491509e+00  1.72719565e-06 
 2.08991509e+00  3.35708368e+00  2.08991509e+00  1.72719565e-06 
 2.09491509e+00  3.35690763e+00  2.09491509e+00  1.72719565e-06 
 2.09991509e+00  3.35673205e+00  2.09991509e+00  1.72719565e-06 
 2.10491509e+00  3.35655694e+00  2.10491509e+00  1.72719565e-06 
 2.10991509e+00  3.35638231e+00  2.10991509e+00  1.72719565e-06 
 2.11491509e+00  3.35620815e+00  2.11491509e+00  1.72719565e-06 
 2.11991509e+00  3.35603446e+00  2.11991509e+00  1.72719565e-06 
 2.12491509e+00  3.35586124e+00  2.12491509e+00  1.72719565e-06 
 2.12991509e+00  3.35568847e+00  2.12991509e+00  1.72719565e-06 
 2.13491509e+00  3.35551617e+00  2.13491509e+00  1.72719565e-06 
 2.13991509e+00  3.35534432e+00  2.13991509e+00  1.72719565e-06 
 2.14491509e+00  3.35517293e+00  2.14491509e+00  1.72719565e-06 
 2.14991509e+00  3.35500200e+00  2.14991509e+00  1.72719565e-06 
 2.15491509e+00  3.35483151e+00  2.15491509e+00  1.72719565e-06 
 2.15991509e+00  3.35466147e+00  2.15991509e+00  1.72719565e-06 
 2.16491509e+00  3.35449188e+00  2.16491509e+00  1.72719565e-06 
 2.16991509e+00  3.35432273e+00  2.16991509e+00  1.72719565e-06 
 2.17491509e+00  3.35415402e+00  2.17491509e+00  1.72719565e-06 
 2.17991509e+00  3.35398575e+00  2.17991509e+00  1.72719565e-06 
 2.18491509e+00  3.35381792e+00  2.18491509e+00  1.72719565e-06 
 2.18991509e+00  3.35365052e+00  2.18991509e+00  1.72719565e-06 
 2.19491509e+00  3.35348356e+00  2.19491509e+00  1.72719565e-06 
 2.19991509e+00  3.35331702e+00  2.19991509e+00  1.72719565e-06 
 2.20491509e+00  3.35315091e+00  2.20491509e+00  1.72719565e-06 
 2.20991509e+00  3.35298523e+00  2.20991509e+00  1.72719565e-06 
 2.21491509e+00  3.35281997e+00  2.21491509e+00  1.72719565e-06 
 2.21991509e+00  3.35265513e+00  2.21991509e+00  1.72719565e-06 
 2.22491509e+00  3.35249072e+00  2.22491509e+00  1.72719565e-06 
 2.22991509e+00  3.35232671e+00  2.22991509e+00  1.72719565e-06 
 2.23491509e+00  3.35216313e+00  2.23491509e+00  1.72719565e-06 
 2.23991509e+00  3.35199995e+00  2.23991509e+00  1.72719565e-06 
 2.24491509e+00  3.35183719e+00  2.24491509e+00  1.72719565e-06 
 2.24991509e+00  3.35167484e+00  2.24991509e+00  1.72719565e-06 
 2.25491509e+00  3.35151289e+00  2.25491509e+00  1.72719565e-06 
 2.25991509e+00  3.35135134e+00  2.25991509e+00  1.72719565e-06 
 2.26491509e+00  3.35119020e+00  2.26491509e+00  1.72719565e-06 
 2.26991509e+00  3.35102946e+00  2.26991509e+00  1.72719565e-06 
 2.27491509e+00  3.35086912e+00  2.27491509e+00  1.72719565e-06 
 2.27991509e+00  3.35070917e+00  2.27991509e+00  1.72719565e-06 
 2.28491509e+00  3.35054962e+00  2.28491509e+00  1.72719565e-06 
 2.28991509e+00  3.35039046e+00  2.28991509e+00  1.72719565e-06 
 2.29491509e+00  3.35023170e+00  2.29491509e+00  1.72719565e-06 
 2.29991509e+00  3.35007332e+00  2.29991509e+00  1.72719565e-06 
 2.30491509e+00  3.34991533e+00  2.30491509e+00  1.72719565e-06 
 2.30991509e+00  3.34975772e+00  2.30991509e+00  1.72719565e-06 
 2.31491509e+00  3.34960050e+00  2.31491509e+00  1.72719565e-06 
 2.31991509e+00  3.34944365e+00  2.31991509e+00  1.72719565e-06 
 2.32491509e+00  3.34928719e+00  2.32491509e+00  1.72719565e-06 
 2.32991509e+00  3.34913111e+00  2.32991509e+00  1.72719565e-06 
 2.33491509e+00  3.34897540e+00  2.33491509e+00  1.72719565e-06 
 2.33991509e+00  3.34882006e+00  2.33991509e+00  1.72719565e-06 
 2.34491509e+00  3.34866510e+00  2.34491509e+00  1.72719565e-06 
 2.34991509e+00  3.34851050e+00  2.34991509e+00  1.72719565e-06 
 2.35491509e+00  3.34835628e+00  2.35491509e+00  1.72719565e-06 
 2.35991509e+00  3.34820242e+00  2.35991509e+00  1.72719565e-06 
 2.36491509e+00  3.34804893e+00  2.36491509e+00  1.72719565e-06 
 2.36991509e+00  3.34789580e+00  2.36991509e+00  1.72719565e-06 
 2.37491509e+00  3.34774303e+00  2.37491509e+00  1.72719565e-06 
 2.37991509e+00  3.34759063e+00  2.37991509e+00  1.72719565e-06 
 2.38491509e+00  3.34743858e+00  2.38491509e+00  1.72719565e-06 
 2.38991509e+00  3.34728689e+00  2.38991509e+00  1.72719565e-06 
 2.39491509e+00  3.34713555e+00  2.39491509e+00  1.72719565e-06 
 2.39991509e+00  3.34698457e+00  2.39991509e+00  1.72719565e-06 
 2.40491509e+00  3.34683393e+00  2.40491509e+00  1.72719565e-06 
 2.40991509e+00  3.34668365e+00  2.40991509e+00  1.72719565e-06 
 2.41491509e+00  3.34653372e+00  2.41491509e+00  1.72719565e-06 
 2.41991509e+00  3.34638413e+00  2.41991509e+00  1.72719565e-06 
 2.42491509e+00  3.34623489e+00  2.42491509e+00  1.72719565e-06 
 2.42991509e+00  3.34608599e+00  2.42991509e+00  1.72719565e-06 
 2.43491509e+00  3.34593744e+00  2.43491509e+00  1.72719565e-06 
 2.43991509e+00  3.34578922e+00  2.43991509e+00  1.72719565e-06 
 2.44491509e+00  3.34564135e+00  2.44491509e+00  1.72719565e-06 
 2.44991509e+00  3.34549381e+00  2.44991509e+00  1.72719565e-06 
 2.45491509e+00  3.34534660e+00  2.45491509e+00  1.72719565e-06 
 2.45991509e+00  3.34519973e+00  2.45991509e+00  1.72719565e-06 
 2.46491509e+00  3.34505320e+00  2.46491509e+00  1.72719565e-06 
 2.46991509e+00  3.34490699e+00  2.46991509e+00  1.72719565e-06 
 2.47491509e+00  3.34476112e+00  2.47491509e+00  1.72719565e-06 
 2.47991509e+00  3.34461557e+00  2.47991509e+00  1.72719565e-06 
 2.48491509e+00  3.34447035e+00  2.48491509e+00  1.72719565e-06 
 2.48991509e+00  3.34432546e+00  2.48991509e+00  1.72719565e-06 
 2.49491509e+00  3.34418089e+00  2.49491509e+00  1.72719565e-06 
 2.49991509e+00  3.34403664e+00  2.49991509e+00  1.72719565e-06 
 2.50491509e+00  3.34389271e+00  2.50491509e+00  1.72719565e-06 
 2.50991509e+00  3.34374910e+00  2.50991509e+00  1.72719565e-06 
 2.51491509e+00  3.34360581e+00  2.51491509e+00  1.72719565e-06 
 2.51991509e+00  3.34346284e+00  2.51991509e+00  1.72719565e-06 
 2.52491509e+00  3.34332018e+00  2.52491509e+00  1.72719565e-06 
 2.52991509e+00  3.34317784e+00  2.52991509e+00  1.72719565e-06 
 2.53491509e+00  3.34303581e+00  2.53491509e+00  1.72719565e-06 
 2.53991509e+00  3.34289409e+00  2.53991509e+00  1.72719565e-06 
 2.54491509e+00  3.34275268e+00  2.54491509e+00  1.72719565e-06 
 2.54991509e+00  3.34261158e+00  2.54991509e+00  1.72719565e-06 
 2.55491509e+00  3.34247078e+00  2.55491509e+00  1.72719565e-06 
 2.55991509e+00  3.34233030e+00  2.55991509e+00  1.72719565e-06 
 2.56491509e+00  3.34219011e+00  2.56491509e+00  1.72719565e-06 
 2.56991509e+00  3.34205023e+00  2.56991509e+00  1.72719565e-06 
 2.57491509e+00  3.34191065e+00  2.57491509e+00  1.72719565e-06 
 2.57991509e+00  3.34177138e+00  2.57991509e+00  1.72719565e-06 
 2.58491509e+00  3.34163240e+00  2.58491509e+00  1.72719565e-06 
 2.58991509e+00  3.34149372e+00  2.58991509e+00  1.72719565e-06 
 2.59491509e+00  3.34135533e+00  2.59491509e+00  1.72719565e-06 
 2.59991509e+00  3.34121725e+00  2.59991509e+00  1.72719565e-06 
 2.60491509e+00  3.34107945e+00  2.60491509e+00  1.72719565e-06 
 2.60991509e+00  3.34094195e+00  2.60991509e+00  1.72719565e-06 
 2.61491509e+00  3.34080474e+00  2.61491509e+00  1.72719565e-06 
 2.61991509e+00  3.34066782e+00  2.61991509e+00  1.72719565e-06 
 2.62491509e+00  3.34053119e+00  2.62491509e+00  1.72719565e-06 
 2.62991509e+00  3.34039485e+00  2.62991509e+00  1.72719565e-06 
 2.63491509e+00  3.34025880e+00  2.63491509e+00  1.72719565e-06 
 2.63991509e+00  3.34012303e+00  2.63991509e+00  1.72719565e-06 
 2.64491509e+00  3.33998754e+00  2.64491509e+00  1.72719565e-06 
 2.64991509e+00  3.33985234e+00  2.64991509e+00  1.72719565e-06 
 2.65491509e+00  3.33971742e+00  2.65491509e+00  1.72719565e-06 
 2.65991509e+00  3.33958279e+00  2.65991509e+00  1.72719565e-06 
 2.66491509e+00  3.33944843e+00  2.66491509e+00  1.72719565e-06 
 2.66991509e+00  3.33931435e+00  2.66991509e+00  1.72719565e-06 
 2.67491509e+00  3.33918055e+00  2.67491509e+00  1.72719565e-06 
 2.67991509e+00  3.33904702e+00  2.67991509e+00  1.72719565e-06 
 2.68491509e+00  3.33891377e+00  2.68491509e+00  1.72719565e-06 
 2.68991509e+00  3.33878079e+00  2.68991509e+00  1.72719565e-06 
 2.69491509e+00  3.33864809e+00  2.69491509e+00  1.72719565e-06 
 2.69991509e+00  3.33851565e+00  2.69991509e+00  1.72719565e-06 
 2.70491509e+00  3.33838349e+00  2.70491509e+00  1.72719565e-06 
 2.70991509e+00  3.33825160e+00  2.70991509e+00  1.72719565e-06 
 2.71491509e+00  3.33811998e+00  2.71491509e+00  1.72719565e-06 
 2.71991509e+00  3.33798862e+00  2.71991509e+00  1.72719565e-06 
 2.72491509e+00  3.33785753e+00  2.72491509e+00  1.72719565e-06 
 2.72991509e+00  3.33772670e+00  2.72991509e+00  1.72719565e-06 
 2.73491509e+00  3.33759614e+00  2.73491509e+00  1.72719565e-06 
 2.73991509e+00  3.33746584e+00  2.73991509e+00  1.72719565e-06 
 2.74491509e+00  3.33733581e+00  2.74491509e+00  1.72719565e-06 
 2.74991509e+00  3.33720603e+00  2.74991509e+00  1.72719565e-06 
 2.75491509e+00  3.33707652e+00  2.75491509e+00  1.72719565e-06 
 2.75991509e+00  3.33694726e+00  2.75991509e+00  1.72719565e-06 
 2.76491509e+00  3.33681826e+00  2.76491509e+00  1.72719565e-06 
 2.76991509e+00  3.33668952e+00  2.76991509e+00  1.72719565e-06 
 2.77491509e+00  3.33656104e+00  2.77491509e+00  1.72719565e-06 
 2.77991509e+00  3.33643281e+00  2.77991509e+00  1.72719565e-06 
 2.78491509e+00  3.33630483e+00  2.78491509e+00  1.72719565e-06 
 2.78991509e+00  3.33617710e+00  2.78991509e+00  1.72719565e-06 
 2.79491509e+00  3.33604963e+00  2.79491509e+00  1.72719565e-06 
 2.79991509e+00  3.33592241e+00  2.79991509e+00  1.72719565e-06 
 2.80491509e+00  3.33579544e+00  2.80491509e+00  1.72719565e-06 
 2.80991509e+00  3.33566871e+00  2.80991509e+00  1.72719565e-06 
 2.81491509e+00  3.33554224e+00  2.81491509e+00  1.72719565e-06 
 2.81991509e+00  3.33541601e+00  2.81991509e+00  1.72719565e-06 
 2.82491509e+00  3.33529003e+00  2.82491509e+00  1.72719565e-06 
 2.82991509e+00  3.33516429e+00  2.82991509e+00  1.72719565e-06 
 2.83491509e+00  3.33503879e+00  2.83491509e+00  1.72719565e-06 
 2.83991509e+00  3.33491354e+00  2.83991509e+00  1.72719565e-06 
 2.84491509e+00  3.33478853e+00  2.84491509e+00  1.72719565e-06 
 2.84991509e+00  3.33466377e+00  2.84991509e+00  1.72719565e-06 
 2.85491509e+00  3.33453924e+00  2.85491509e+00  1.72719565e-06 
 2.85991509e+00  3.33441495e+00  2.85991509e+00  1.72719565e-06 
 2.86491509e+00  3.33429090e+00  2.86491509e+00  1.72719565e-06 
 2.86991509e+00  3.33416709e+00  2.86991509e+00  1.72719565e-06 
 2.87491509e+00  3.33404352e+00  2.87491509e+00  1.72719565e-06 
 2.87991509e+00  3.33392018e+00  2.87991509e+00  1.72719565e-06 
 2.88491509e+00  3.33379707e+00  2.88491509e+00  1.72719565e-06 
 2.88991509e+00  3.33367420e+00  2.88991509e+00  1.72719565e-06 
 2.89491509e+00  3.33355156e+00  2.89491509e+00  1.72719565e-06 
 2.89991509e+00  3.33342916e+00  2.89991509e+00  1.72719565e-06 
 2.90491509e+00  3.33330698e+00  2.90491509e+00  1.72719565e-06 
 2.90991509e+00  3.33318504e+00  2.90991509e+00  1.72719565e-06 
 2.91491509e+00  3.33306332e+00  2.91491509e+00  1.72719565e-06 
 2.91991509e+00  3.33294184e+00  2.91991509e+00  1.72719565e-06 
 2.92491509e+00  3.33282058e+00  2.92491509e+00  1.72719565e-06 
 2.92991509e+00  3.33269955e+00  2.92991509e+00  1.72719565e-06 
 2.93491509e+00  3.33257874e+00  2.93491509e+00  1.72719565e-06 
 2.93991509e+00  3.33245816e+00  2.93991509e+00  1.72719565e-06 
 2.94491509e+00  3.33233781e+00  2.94491509e+00  1.72719565e-06 
 2.94991509e+00  3.33221767e+00  2.94991509e+00  1.72719565e-06 
 2.95491509e+00  3.33209776e+00  2.95491509e+00  1.72719565e-06 
 2.95991509e+00  3.33197808e+00  2.95991509e+00  1.72719565e-06 
 2.96491509e+00  3.33185861e+00  2.96491509e+00  1.72719565e-06 
 2.96991509e+00  3.33173936e+00  2.96991509e+00  1.72719565e-06 
 2.97491509e+00  3.33162034e+00  2.97491509e+00  1.72719565e-06 
 2.97991509e+00  3.33150153e+00  2.97991509e+00  1.72719565e-06 
 2.98491509e+00  3.33138294e+00  2.98491509e+00  1.72719565e-06 
 2.98991509e+00  3.33126457e+00  2.98991509e+00  1.72719565e-06 
 2.99491509e+00  3.33114641e+00  2.99491509e+00  1.72719565e-06 
 2.99991509e+00  3.33102847e+00  2.99991509e+00  1.72719565e-06 
 3.00491509e+00  3.33091074e+00  3.00491509e+00  1.72719565e-06 
 3.00991509e+00  3.33079323e+00  3.00991509e+00  1.72719565e-06 
 3.01491509e+00  3.33067593e+00  3.01491509e+00  1.72719565e-06 
 3.01991509e+00  3.33055884e+00  3.01991509e+00  1.72719565e-06 
 3.02491509e+00  3.33044197e+00  3.02491509e+00  1.72719565e-06 
 3.02991509e+00  3.33032530e+00  3.02991509e+00  1.72719565e-06 
 3.03491509e+00  3.33020885e+00  3.03491509e+00  1.72719565e-06 
 3.03991509e+00  3.33009260e+00  3.03991509e+00  1.72719565e-06 
 3.04491509e+00  3.32997657e+00  3.04491509e+00  1.72719565e-06 
 3.04991509e+00  3.32986074e+00  3.04991509e+00  1.72719565e-06 
 3.05491509e+00  3.32974512e+00  3.05491509e+00  1.72719565e-06 
 3.05991509e+00  3.32962970e+00  3.05991509e+00  1.72719565e-06 
 3.06491509e+00  3.32951449e+00  3.06491509e+00  1.72719565e-06 
 3.06991509e+00  3.32939949e+00  3.06991509e+00  1.72719565e-06 
 3.07491509e+00  3.32928469e+00  3.07491509e+00  1.72719565e-06 
 3.07991509e+00  3.32917009e+00  3.07991509e+00  1.72719565e-06 
 3.08491509e+00  3.32905570e+00  3.08491509e+00  1.72719565e-06 
 3.08991509e+00  3.32894150e+00  3.08991509e+00  1.72719565e-06 
 3.09491509e+00  3.32882751e+00  3.09491509e+00  1.72719565e-06 
 3.09991509e+00  3.32871372e+00  3.09991509e+00  1.72719565e-06 
 3.10491509e+00  3.32860013e+00  3.10491509e+00  1.72719565e-06 
 3.10991509e+00  3.32848674e+00  3.10991509e+00  1.72719565e-06 
 3.11491509e+00  3.32837355e+00  3.11491509e+00  1.72719565e-06 
 3.11991509e+00  3.32826055e+00  3.11991509e+00  1.72719565e-06 
 3.12491509e+00  3.32814775e+00  3.12491509e+00  1.72719565e-06 
 3.12991509e+00  3.32803515e+00  3.12991509e+00  1.72719565e-06 
 3.13491509e+00  3.32792275e+00  3.13491509e+00  1.72719565e-06 
 3.13991509e+00  3.32781053e+00  3.13991509e+00  1.72719565e-06 
 3.14491509e+00  3.32769852e+00  3.14491509e+00  1.72719565e-06 
 3.14991509e+00  3.32758669e+00  3.14991509e+00  1.72719565e-06 
 3.15491509e+00  3.32747506e+00  3.15491509e+00  1.72719565e-06 
 3.15991509e+00  3.32736363e+00  3.15991509e+00  1.72719565e-06 
 3.16491509e+00  3.32725238e+00  3.16491509e+00  1.72719565e-06 
 3.16991509e+00  3.32714133e+00  3.16991509e+00  1.72719565e-06 
 3.17491509e+00  3.32703046e+00  3.17491509e+00  1.72719565e-06 
 3.17991509e+00  3.32691979e+00  3.17991509e+00  1.72719565e-06 
 3.18491509e+00  3.32680930e+00  3.18491509e+00  1.72719565e-06 
 3.18991509e+00  3.32669900e+00  3.18991509e+00  1.72719565e-06 
 3.19491509e+00  3.32658890e+00  3.19491509e+00  1.72719565e-06 
 3.19991509e+00  3.32647897e+00  3.19991509e+00  1.72719565e-06 
 3.20491509e+00  3.32636924e+00  3.20491509e+00  1.72719565e-06 
 3.20991509e+00  3.32625969e+00  3.20991509e+00  1.72719565e-06 
 3.21491509e+00  3.32615032e+00  3.21491509e+00  1.72719565e-06 
 3.21991509e+00  3.32604114e+00  3.21991509e+00  1.72719565e-06 
 3.22491509e+00  3.32593215e+00  3.22491509e+00  1.72719565e-06 
 3.22991509e+00  3.32582333e+00  3.22991509e+00  1.72719565e-06 
 3.23491509e+00  3.32571471e+00  3.23491509e+00  1.72719565e-06 
 3.23991509e+00  3.32560626e+00  3.23991509e+00  1.72719565e-06 
 3.24491509e+00  3.32549799e+00  3.24491509e+00  1.72719565e-06 
 3.24991509e+00  3.32538991e+00  3.24991509e+00  1.72719565e-06 
 3.25491509e+00  3.32528200e+00  3.25491509e+00  1.72719565e-06 
 3.25991509e+00  3.32517428e+00  3.25991509e+00  1.72719565e-06 
 3.26491509e+00  3.32506673e+00  3.26491509e+00  1.72719565e-06 
 3.26991509e+00  3.32495936e+00  3.26991509e+00  1.72719565e-06 
 3.27491509e+00  3.32485217e+00  3.27491509e+00  1.72719565e-06 
 3.27991509e+00  3.32474516e+00  3.27991509e+00  1.72719565e-06 
 3.28491509e+00  3.32463833e+00  3.28491509e+00  1.72719565e-06 
 3.28991509e+00  3.32453167e+00  3.28991509e+00  1.72719565e-06 
 3.29491509e+00  3.32442519e+00  3.29491509e+00  1.72719565e-06 
 3.29991509e+00  3.32431888e+00  3.29991509e+00  1.72719565e-06 
 3.30491509e+00  3.32421274e+00  3.30491509e+00  1.72719565e-06 
 3.30991509e+00  3.32410678e+00  3.30991509e+00  1.72719565e-06 
 3.31491509e+00  3.32400100e+00  3.31491509e+00  1.72719565e-06 
 3.31991509e+00  3.32389538e+00  3.31991509e+00  1.72719565e-06 
 3.32491509e+00  3.32378994e+00  3.32491509e+00  1.72719565e-06 
 3.32991509e+00  3.32368467e+00  3.32991509e+00  1.72719565e-06 
 3.33491509e+00  3.32357957e+00  3.33491509e+00  1.72719565e-06 
 3.33991509e+00  3.32347465e+00  3.33991509e+00  1.72719565e-06 
 3.34491509e+00  3.32336989e+00  3.34491509e+00  1.72719565e-06 
 3.34991509e+00  3.32326530e+00  3.34991509e+00  1.72719565e-06 
 3.35491509e+00  3.32316088e+00  3.35491509e+00  1.72719565e-06 
 3.35991509e+00  3.32305663e+00  3.35991509e+00  1.72719565e-06 
 3.36491509e+00  3.32295254e+00  3.36491509e+00  1.72719565e-06 
 3.36991509e+00  3.32284863e+00  3.36991509e+00  1.72719565e-06 
 3.37491509e+00  3.32274488e+00  3.37491509e+00  1.72719565e-06 
 3.37991509e+00  3.32264129e+00  3.37991509e+00  1.72719565e-06 
 3.38491509e+00  3.32253787e+00  3.38491509e+00  1.72719565e-06 
 3.38991509e+00  3.32243462e+00  3.38991509e+00  1.72719565e-06 
 3.39491509e+00  3.32233153e+00  3.39491509e+00  1.72719565e-06 
 3.39991509e+00  3.32222861e+00  3.39991509e+00  1.72719565e-06 
 3.40491509e+00  3.32212585e+00  3.40491509e+00  1.72719565e-06 
 3.40991509e+00  3.32202325e+00  3.40991509e+00  1.72719565e-06 
 3.41491509e+00  3.32192082e+00  3.41491509e+00  1.72719565e-06 
 3.41991509e+00  3.32181854e+00  3.41991509e+00  1.72719565e-06 
 3.42491509e+00  3.32171643e+00  3.42491509e+00  1.72719565e-06 
 3.42991509e+00  3.32161448e+00  3.42991509e+00  1.72719565e-06 
 3.43491509e+00  3.32151269e+00  3.43491509e+00  1.72719565e-06 
 3.43991509e+00  3.32141106e+00  3.43991509e+00  1.72719565e-06 
 3.44491509e+00  3.32130959e+00  3.44491509e+00  1.72719565e-06 
 3.44991509e+00  3.32120828e+00  3.44991509e+00  1.72719565e-06 
 3.45491509e+00  3.32110712e+00  3.45491509e+00  1.72719565e-06 
 3.45991509e+00  3.32100613e+00  3.45991509e+00  1.72719565e-06 
 3.46491509e+00  3.32090529e+00  3.46491509e+00  1.72719565e-06 
 3.46991509e+00  3.32080461e+00  3.46991509e+00  1.72719565e-06 
 3.47491509e+00  3.32070408e+00  3.47491509e+00  1.72719565e-06 
 3.47991509e+00  3.32060372e+00  3.47991509e+00  1.72719565e-06 
 3.48491509e+00  3.32050350e+00  3.48491509e+00  1.72719565e-06 
 3.48991509e+00  3.32040345e+00  3.48991509e+00  1.72719565e-06 
 3.49491509e+00  3.32030354e+00  3.49491509e+00  1.72719565e-06 
 3.49991509e+00  3.32020379e+00  3.49991509e+00  1.72719565e-06 
 3.50491509e+00  3.32010420e+00  3.50491509e+00  1.72719565e-06 
 3.50991509e+00  3.32000476e+00  3.50991509e+00  1.72719565e-06 
 3.51491509e+00  3.31990547e+00  3.51491509e+00  1.72719565e-06 
 3.51991509e+00  3.31980633e+00  3.51991509e+00  1.72719565e-06 
 3.52491509e+00  3.31970734e+00  3.52491509e+00  1.72719565e-06 
 3.52991509e+00  3.31960851e+00  3.52991509e+00  1.72719565e-06 
 3.53491509e+00  3.31950983e+00  3.53491509e+00  1.72719565e-06 
 3.53991509e+00  3.31941129e+00  3.53991509e+00  1.72719565e-06 
 3.54491509e+00  3.31931291e+00  3.54491509e+00  1.72719565e-06 
 3.54991509e+00  3.31921467e+00  3.54991509e+00  1.72719565e-06 
 3.55491509e+00  3.31911659e+00  3.55491509e+00  1.72719565e-06 
 3.55991509e+00  3.31901865e+00  3.55991509e+00  1.72719565e-06 
 3.56491509e+00  3.31892087e+00  3.56491509e+00  1.72719565e-06 
 3.56991509e+00  3.31882322e+00  3.56991509e+00  1.72719565e-06 
 3.57491509e+00  3.31872573e+00  3.57491509e+00  1.72719565e-06 
 3.57991509e+00  3.31862838e+00  3.57991509e+00  1.72719565e-06 
 3.58491509e+00  3.31853118e+00  3.58491509e+00  1.72719565e-06 
 3.58991509e+00  3.31843413e+00  3.58991509e+00  1.72719565e-06 
 3.59491509e+00  3.31833722e+00  3.59491509e+00  1.72719565e-06 
 3.59991509e+00  3.31824046e+00  3.59991509e+00  1.72719565e-06 
 3.60491509e+00  3.31814384e+00  3.60491509e+00  1.72719565e-06 
 3.60991509e+00  3.31804736e+00  3.60991509e+00  1.72719565e-06 
 3.61491509e+00  3.31795103e+00  3.61491509e+00  1.72719565e-06 
 3.61991509e+00  3.31785484e+00  3.61991509e+00  1.72719565e-06 
 3.62491509e+00  3.31775880e+00  3.62491509e+00  1.72719565e-06 
 3.62991509e+00  3.31766289e+00  3.62991509e+00  1.72719565e-06 
 3.63491509e+00  3.31756713e+00  3.63491509e+00  1.72719565e-06 
 3.63991509e+00  3.31747151e+00  3.63991509e+00  1.72719565e-06 
 3.64491509e+00  3.31737604e+00  3.64491509e+00  1.72719565e-06 
 3.64991509e+00  3.31728070e+00  3.64991509e+00  1.72719565e-06 
 3.65491509e+00  3.31718550e+00  3.65491509e+00  1.72719565e-06 
 3.65991509e+00  3.31709044e+00  3.65991509e+00  1.72719565e-06 
 3.66491509e+00  3.31699553e+00  3.66491509e+00  1.72719565e-06 
 3.66991509e+00  3.31690075e+00  3.66991509e+00  1.72719565e-06 
 3.67491509e+00  3.31680611e+00  3.67491509e+00  1.72719565e-06 
 3.67991509e+00  3.31671161e+00  3.67991509e+00  1.72719565e-06 
 3.68491509e+00  3.31661724e+00  3.68491509e+00  1.72719565e-06 
 3.68991509e+00  3.31652302e+00  3.68991509e+00  1.72719565e-06 
 3.69491509e+00  3.31642893e+00  3.69491509e+00  1.72719565e-06 
 3.69991509e+00  3.31633498e+00  3.69991509e+00  1.72719565e-06 
 3.70491509e+00  3.31624116e+00  3.70491509e+00  1.72719565e-06 
 3.70991509e+00  3.31614748e+00  3.70991509e+00  1.72719565e-06 
 3.71491509e+00  3.31605394e+00  3.71491509e+00  1.72719565e-06 
 3.71991509e+00  3.31596053e+00  3.71991509e+00  1.72719565e-06 
 3.72491509e+00  3.31586725e+00  3.72491509e+00  1.72719565e-06 
 3.72991509e+00  3.31577411e+00  3.72991509e+00  1.72719565e-06 
 3.73491509e+00  3.31568110e+00  3.73491509e+00  1.72719565e-06 
 3.73991509e+00  3.31558823e+00  3.73991509e+00  1.72719565e-06 
 3.74491509e+00  3.31549549e+00  3.74491509e+00  1.72719565e-06 
 3.74991509e+00  3.31540288e+00  3.74991509e+00  1.72719565e-06 
 3.75491509e+00  3.31531041e+00  3.75491509e+00  1.72719565e-06 
 3.75991509e+00  3.31521807e+00  3.75991509e+00  1.72719565e-06 
 3.76491509e+00  3.31512586e+00  3.76491509e+00  1.72719565e-06 
 3.76991509e+00  3.31503378e+00  3.76991509e+00  1.72719565e-06 
 3.77491509e+00  3.31494183e+00  3.77491509e+00  1.72719565e-06 
 3.77991509e+00  3.31485001e+00  3.77991509e+00  1.72719565e-06 
 3.78491509e+00  3.31475832e+00  3.78491509e+00  1.72719565e-06 
 3.78991509e+00  3.31466677e+00  3.78991509e+00  1.72719565e-06 
 3.79491509e+00  3.31457534e+00  3.79491509e+00  1.72719565e-06 
 3.79991509e+00  3.31448404e+00  3.79991509e+00  1.72719565e-06 
 3.80491509e+00  3.31439287e+00  3.80491509e+00  1.72719565e-06 
 3.80991509e+00  3.31430182e+00  3.80991509e+00  1.72719565e-06 
 3.81491509e+00  3.31421091e+00  3.81491509e+00  1.72719565e-06 
 3.81991509e+00  3.31412012e+00  3.81991509e+00  1.72719565e-06 
 3.82491509e+00  3.31402946e+00  3.82491509e+00  1.72719565e-06 
 3.82991509e+00  3.31393893e+00  3.82991509e+00  1.72719565e-06 
 3.83491509e+00  3.31384853e+00  3.83491509e+00  1.72719565e-06 
 3.83991509e+00  3.31375825e+00  3.83991509e+00  1.72719565e-06 
 3.84491509e+00  3.31366809e+00  3.84491509e+00  1.72719565e-06 
 3.84991509e+00  3.31357806e+00  3.84991509e+00  1.72719565e-06 
 3.85491509e+00  3.31348816e+00  3.85491509e+00  1.72719565e-06 
 3.85991509e+00  3.31339838e+00  3.85991509e+00  1.72719565e-06 
 3.86491509e+00  3.31330873e+00  3.86491509e+00  1.72719565e-06 
 3.86991509e+00  3.31321920e+00  3.86991509e+00  1.72719565e-06 
 3.87491509e+00  3.31312979e+00  3.87491509e+00  1.72719565e-06 
 3.87991509e+00  3.31304051e+00  3.87991509e+00  1.72719565e-06 
 3.88491509e+00  3.31295135e+00  3.88491509e+00  1.72719565e-06 
 3.88991509e+00  3.31286231e+00  3.88991509e+00  1.72719565e-06 
 3.89491509e+00  3.31277340e+00  3.89491509e+00  1.72719565e-06 
 3.89991509e+00  3.31268461e+00  3.89991509e+00  1.72719565e-06 
 3.90491509e+00  3.31259594e+00  3.90491509e+00  1.72719565e-06 
 3.90991509e+00  3.31250739e+00  3.90991509e+00  1.72719565e-06 
 3.91491509e+00  3.31241896e+00  3.91491509e+00  1.72719565e-06 
 3.91991509e+00  3.31233065e+00  3.91991509e+00  1.72719565e-06 
 3.92491509e+00  3.31224247e+00  3.92491509e+00  1.72719565e-06 
 3.92991509e+00  3.31215440e+00  3.92991509e+00  1.72719565e-06 
 3.93491509e+00  3.31206645e+00  3.93491509e+00  1.72719565e-06 
 3.93991509e+00  3.31197862e+00  3.93991509e+00  1.72719565e-06 
 3.94491509e+00  3.31189092e+00  3.94491509e+00  1.72719565e-06 
 3.94991509e+00  3.31180333e+00  3.94991509e+00  1.72719565e-06 
 3.95491509e+00  3.31171586e+00  3.95491509e+00  1.72719565e-06 
 3.95991509e+00  3.31162850e+00  3.95991509e+00  1.72719565e-06 
 3.96491509e+00  3.31154127e+00  3.96491509e+00  1.72719565e-06 
 3.96991509e+00  3.31145415e+00  3.96991509e+00  1.72719565e-06 
 3.97491509e+00  3.31136715e+00  3.97491509e+00  1.72719565e-06 
 3.97991509e+00  3.31128027e+00  3.97991509e+00  1.72719565e-06 
 3.98491509e+00  3.31119350e+00  3.98491509e+00  1.72719565e-06 
 3.98991509e+00  3.31110685e+00  3.98991509e+00  1.72719565e-06 
 3.99491509e+00  3.31102031e+00  3.99491509e+00  1.72719565e-06 
 3.99991509e+00  3.31093389e+00  3.99991509e+00  1.72719565e-06 
 4.00000000e+00  3.31093243e+00  4.00000000e+00  1.72719565e-06 
