 0.00000000e+00  0.00000000e+00  0.00000000e+00  3.88208050e+00  0.00000000e+00  8.11797723e-03 
 1.00000000e-04  1.00000000e-04  1.00000000e-04  3.88207563e+00  1.00000000e-04  8.11797723e-03 
 2.00000000e-04  2.00000000e-04  2.00000000e-04  3.88207117e+00  2.00000000e-04  8.11797723e-03 
 4.00000000e-04  4.00000000e-04  4.00000000e-04  3.88206300e+00  4.00000000e-04  8.11797723e-03 
 8.00000000e-04  8.00000000e-04  8.00000000e-04  3.88205047e+00  8.00000000e-04  8.11797723e-03 
 1.60000000e-03  1.60000000e-03  1.60000000e-03  3.88203555e+00  1.60000000e-03  8.11797723e-03 
 3.20000000e-03  3.20000000e-03  3.20000000e-03  3.88202471e+00  3.20000000e-03  8.11797723e-03 
 6.40000000e-03  6.40000000e-03  6.40000000e-03  3.88202241e+00  6.40000000e-03  8.11797723e-03 
 9.71666667e-03  9.71666667e-03  9.71666667e-03  3.88202286e+00  9.71666667e-03  8.11797723e-03 
 1.11239583e-02  1.11239583e-02  1.11239583e-02  3.88202280e+00  1.11239583e-02  8.11797723e-03 
 1.35867188e-02  1.35867188e-02  1.35867188e-02  3.88202278e+00  1.35867188e-02  8.11797723e-03 
 1.42683757e-02  1.42683757e-02  1.42683757e-02  3.88202278e+00  1.42683757e-02  8.11797723e-03 
 1.54612752e-02  1.54612752e-02  1.54612752e-02  3.88202278e+00  1.54612752e-02  8.11797723e-03 
 1.59107844e-02  1.59107844e-02  1.59107844e-02  3.88202278e+00  1.59107844e-02  8.11797723e-03 
 1.66695775e-02  1.66695775e-02  1.66695775e-02  1.19999527e+01  1.66695775e-02  8.11797723e-03 
 1.71295280e-02  1.71295280e-02  1.71295280e-02  1.19999955e+01  1.71295280e-02  8.11797723e-03 
 1.75848834e-02  1.75848834e-02  1.75848834e-02  1.19999527e+01  1.75848834e-02  8.11797723e-03 
 1.82346354e-02  1.82346354e-02  1.82346354e-02  1.19999955e+01  1.82346354e-02  8.11797723e-03 
 1.95341394e-02  1.95341394e-02  1.95341394e-02  1.19999527e+01  1.95341394e-02  8.11797723e-03 
 2.21331474e-02  2.21331474e-02  2.21331474e-02  1.19999955e+01  2.21331474e-02  8.11797723e-03 
 2.73311634e-02  2.73311634e-02  2.73311634e-02  1.19999527e+01  2.73311634e-02  8.11797723e-03 
 3.73311634e-02  3.73311634e-02  3.73311634e-02  1.19999955e+01  3.73311634e-02  8.11797723e-03 
 4.73311634e-02  4.73311634e-02  4.73311634e-02  1.19999527e+01  4.73311634e-02  8.11797723e-03 
 5.00000000e-02  5.00000000e-02  5.00000000e-02  1.19999955e+01  5.00000000e-02  8.11797723e-03 
 5.10000000e-02  5.10000000e-02  5.10000000e-02  1.19999741e+01  5.10000000e-02  8.11797723e-03 
 5.30000000e-02  5.30000000e-02  5.30000000e-02  1.19999741e+01  5.30000000e-02  8.11797723e-03 
 5.70000000e-02  5.70000000e-02  5.70000000e-02  1.19999741e+01  5.70000000e-02  8.11797723e-03 
 6.50000000e-02  6.50000000e-02  6.50000000e-02  1.19999741e+01  6.50000000e-02  8.11797723e-03 
 7.50000000e-02  7.50000000e-02  7.50000000e-02  1.19999741e+01  7.50000000e-02  8.11797723e-03 
 8.50000000e-02  8.50000000e-02  8.50000000e-02  1.19999741e+01  8.50000000e-02  8.11797723e-03 
 9.50000000e-02  9.50000000e-02  9.50000000e-02  1.19999741e+01  9.50000000e-02  8.11797723e-03 
 1.05000000e-01  1.05000000e-01  1.05000000e-01  1.19999741e+01  1.05000000e-01  8.11797723e-03 
 1.15000000e-01  1.15000000e-01  1.15000000e-01  1.19999741e+01  1.15000000e-01  8.11797723e-03 
 1.25000000e-01  1.25000000e-01  1.25000000e-01  1.19999741e+01  1.25000000e-01  8.11797723e-03 
 1.35000000e-01  1.35000000e-01  1.35000000e-01  1.19999741e+01  1.35000000e-01  8.11797723e-03 
 1.45000000e-01  1.45000000e-01  1.45000000e-01  1.19999741e+01  1.45000000e-01  8.11797723e-03 
 1.55000000e-01  1.55000000e-01  1.55000000e-01  1.19999741e+01  1.55000000e-01  8.11797723e-03 
 1.65000000e-01  1.65000000e-01  1.65000000e-01  1.19999741e+01  1.65000000e-01  8.11797723e-03 
 1.75000000e-01  1.75000000e-01  1.75000000e-01  1.19999741e+01  1.75000000e-01  8.11797723e-03 
 1.85000000e-01  1.85000000e-01  1.85000000e-01  1.19999741e+01  1.85000000e-01  8.11797723e-03 
 1.95000000e-01  1.95000000e-01  1.95000000e-01  1.19999741e+01  1.95000000e-01  8.11797723e-03 
 2.05000000e-01  2.05000000e-01  2.05000000e-01  1.19999741e+01  2.05000000e-01  8.11797723e-03 
 2.15000000e-01  2.15000000e-01  2.15000000e-01  1.19999741e+01  2.15000000e-01  8.11797723e-03 
 2.25000000e-01  2.25000000e-01  2.25000000e-01  1.19999741e+01  2.25000000e-01  8.11797723e-03 
 2.35000000e-01  2.35000000e-01  2.35000000e-01  1.19999741e+01  2.35000000e-01  8.11797723e-03 
 2.45000000e-01  2.45000000e-01  2.45000000e-01  1.19999741e+01  2.45000000e-01  8.11797723e-03 
 2.50000000e-01  2.50000000e-01  2.50000000e-01  1.19999741e+01  2.50000000e-01  8.11797723e-03 
 2.51000000e-01  2.51000000e-01  2.51000000e-01  1.19999741e+01  2.51000000e-01  8.11797723e-03 
 2.52583333e-01  2.52583333e-01  2.52583333e-01  1.19999741e+01  2.52583333e-01  8.11797723e-03 
 2.53057292e-01  2.53057292e-01  2.53057292e-01  1.19999741e+01  2.53057292e-01  8.11797723e-03 
 2.53886719e-01  2.53886719e-01  2.53886719e-01  1.19999741e+01  2.53886719e-01  8.11797723e-03 
 2.54116292e-01  2.54116292e-01  2.54116292e-01  1.19999741e+01  2.54116292e-01  8.11797723e-03 
 2.54518046e-01  2.54518046e-01  2.54518046e-01  1.19999741e+01  2.54518046e-01  8.11797723e-03 
 2.54629246e-01  2.54629246e-01  2.54629246e-01  1.19999741e+01  2.54629246e-01  8.11797723e-03 
 2.54823845e-01  2.54823845e-01  2.54823845e-01  1.19999741e+01  2.54823845e-01  8.11797723e-03 
 2.55039295e-01  2.55039295e-01  2.55039295e-01  9.94434303e+00  2.55039295e-01  8.11797723e-03 
 2.55363035e-01  2.55363035e-01  2.55363035e-01  5.90911189e+00  2.55363035e-01  8.11797723e-03 
 2.55628786e-01  2.55628786e-01  2.55628786e-01  4.81535017e+00  2.55628786e-01  8.11797723e-03 
 2.55905859e-01  2.55905859e-01  2.55905859e-01  4.34690609e+00  2.55905859e-01  8.11797723e-03 
 2.56267089e-01  2.56267089e-01  2.56267089e-01  4.10126472e+00  2.56267089e-01  8.11797723e-03 
 2.56829986e-01  2.56829986e-01  2.56829986e-01  3.96859033e+00  2.56829986e-01  8.11797723e-03 
 2.57646544e-01  2.57646544e-01  2.57646544e-01  3.91212772e+00  2.57646544e-01  8.11797723e-03 
 2.59051423e-01  2.59051423e-01  2.59051423e-01  3.88736580e+00  2.59051423e-01  8.11797723e-03 
 2.60000000e-01  2.60000000e-01  2.60000000e-01  3.88436962e+00  2.60000000e-01  8.11797723e-03 
 2.60258395e-01  2.60258395e-01  2.60258395e-01  3.88391532e+00  2.60258395e-01  8.11797723e-03 
 2.60775186e-01  2.60775186e-01  2.60775186e-01  3.88318359e+00  2.60775186e-01  8.11797723e-03 
 2.61808767e-01  2.61808767e-01  2.61808767e-01  3.88243363e+00  2.61808767e-01  8.11797723e-03 
 2.63875930e-01  2.63875930e-01  2.63875930e-01  3.88203570e+00  2.63875930e-01  8.11797723e-03 
 2.68010256e-01  2.68010256e-01  2.68010256e-01  3.88202353e+00  2.68010256e-01  8.11797723e-03 
 2.76278907e-01  2.76278907e-01  2.76278907e-01  3.88202428e+00  2.76278907e-01  8.11797723e-03 
 2.86278907e-01  2.86278907e-01  2.86278907e-01  3.88202182e+00  2.86278907e-01  8.11797723e-03 
 2.96278907e-01  2.96278907e-01  2.96278907e-01  3.88202340e+00  2.96278907e-01  8.11797723e-03 
 3.06278907e-01  3.06278907e-01  3.06278907e-01  3.88202238e+00  3.06278907e-01  8.11797723e-03 
 3.16278907e-01  3.16278907e-01  3.16278907e-01  3.88202304e+00  3.16278907e-01  8.11797723e-03 
 3.26278907e-01  3.26278907e-01  3.26278907e-01  3.88202262e+00  3.26278907e-01  8.11797723e-03 
 3.36278907e-01  3.36278907e-01  3.36278907e-01  3.88202289e+00  3.36278907e-01  8.11797723e-03 
 3.46278907e-01  3.46278907e-01  3.46278907e-01  3.88202271e+00  3.46278907e-01  8.11797723e-03 
 3.56278907e-01  3.56278907e-01  3.56278907e-01  3.88202283e+00  3.56278907e-01  8.11797723e-03 
 3.66278907e-01  3.66278907e-01  3.66278907e-01  3.88202275e+00  3.66278907e-01  8.11797723e-03 
 3.76278907e-01  3.76278907e-01  3.76278907e-01  3.88202280e+00  3.76278907e-01  8.11797723e-03 
 3.86278907e-01  3.86278907e-01  3.86278907e-01  3.88202277e+00  3.86278907e-01  8.11797723e-03 
 3.96278907e-01  3.96278907e-01  3.96278907e-01  3.88202279e+00  3.96278907e-01  8.11797723e-03 
 4.06278907e-01  4.06278907e-01  4.06278907e-01  3.88202278e+00  4.06278907e-01  8.11797723e-03 
 4.16278907e-01  4.16278907e-01  4.16278907e-01  3.88202278e+00  4.16278907e-01  8.11797723e-03 
 4.26278907e-01  4.26278907e-01  4.26278907e-01  3.88202278e+00  4.26278907e-01  8.11797723e-03 
 4.36278907e-01  4.36278907e-01  4.36278907e-01  3.88202278e+00  4.36278907e-01  8.11797723e-03 
 4.46278907e-01  4.46278907e-01  4.46278907e-01  3.88202278e+00  4.46278907e-01  8.11797723e-03 
 4.56278907e-01  4.56278907e-01  4.56278907e-01  3.88202278e+00  4.56278907e-01  8.11797723e-03 
 4.66278907e-01  4.66278907e-01  4.66278907e-01  3.88202278e+00  4.66278907e-01  8.11797723e-03 
 4.76278907e-01  4.76278907e-01  4.76278907e-01  3.88202278e+00  4.76278907e-01  8.11797723e-03 
 4.86278907e-01  4.86278907e-01  4.86278907e-01  3.88202278e+00  4.86278907e-01  8.11797723e-03 
 4.96278907e-01  4.96278907e-01  4.96278907e-01  3.88202278e+00  4.96278907e-01  8.11797723e-03 
 5.06278907e-01  5.06278907e-01  5.06278907e-01  3.88202278e+00  5.06278907e-01  8.11797723e-03 
 5.16278907e-01  5.16278907e-01  5.16278907e-01  3.88202278e+00  5.16278907e-01  8.11797723e-03 
 5.26278907e-01  5.26278907e-01  5.26278907e-01  3.88202278e+00  5.26278907e-01  8.11797723e-03 
 5.36278907e-01  5.36278907e-01  5.36278907e-01  3.88202278e+00  5.36278907e-01  8.11797723e-03 
 5.46278907e-01  5.46278907e-01  5.46278907e-01  3.88202278e+00  5.46278907e-01  8.11797723e-03 
 5.56278907e-01  5.56278907e-01  5.56278907e-01  3.88202278e+00  5.56278907e-01  8.11797723e-03 
 5.66278907e-01  5.66278907e-01  5.66278907e-01  3.88202278e+00  5.66278907e-01  8.11797723e-03 
 5.76278907e-01  5.76278907e-01  5.76278907e-01  3.88202278e+00  5.76278907e-01  8.11797723e-03 
 5.86278907e-01  5.86278907e-01  5.86278907e-01  3.88202278e+00  5.86278907e-01  8.11797723e-03 
 5.96278907e-01  5.96278907e-01  5.96278907e-01  3.88202278e+00  5.96278907e-01  8.11797723e-03 
 6.06278907e-01  6.06278907e-01  6.06278907e-01  3.88202278e+00  6.06278907e-01  8.11797723e-03 
 6.16278907e-01  6.16278907e-01  6.16278907e-01  3.88202278e+00  6.16278907e-01  8.11797723e-03 
 6.26278907e-01  6.26278907e-01  6.26278907e-01  3.88202278e+00  6.26278907e-01  8.11797723e-03 
 6.36278907e-01  6.36278907e-01  6.36278907e-01  3.88202278e+00  6.36278907e-01  8.11797723e-03 
 6.46278907e-01  6.46278907e-01  6.46278907e-01  3.88202278e+00  6.46278907e-01  8.11797723e-03 
 6.56278907e-01  6.56278907e-01  6.56278907e-01  3.88202278e+00  6.56278907e-01  8.11797723e-03 
 6.66278907e-01  6.66278907e-01  6.66278907e-01  3.88202278e+00  6.66278907e-01  8.11797723e-03 
 6.76278907e-01  6.76278907e-01  6.76278907e-01  3.88202278e+00  6.76278907e-01  8.11797723e-03 
 6.86278907e-01  6.86278907e-01  6.86278907e-01  3.88202278e+00  6.86278907e-01  8.11797723e-03 
 6.96278907e-01  6.96278907e-01  6.96278907e-01  3.88202278e+00  6.96278907e-01  8.11797723e-03 
 7.06278907e-01  7.06278907e-01  7.06278907e-01  3.88202278e+00  7.06278907e-01  8.11797723e-03 
 7.16278907e-01  7.16278907e-01  7.16278907e-01  3.88202278e+00  7.16278907e-01  8.11797723e-03 
 7.26278907e-01  7.26278907e-01  7.26278907e-01  3.88202278e+00  7.26278907e-01  8.11797723e-03 
 7.36278907e-01  7.36278907e-01  7.36278907e-01  3.88202278e+00  7.36278907e-01  8.11797723e-03 
 7.46278907e-01  7.46278907e-01  7.46278907e-01  3.88202278e+00  7.46278907e-01  8.11797723e-03 
 7.56278907e-01  7.56278907e-01  7.56278907e-01  3.88202278e+00  7.56278907e-01  8.11797723e-03 
 7.66278907e-01  7.66278907e-01  7.66278907e-01  3.88202278e+00  7.66278907e-01  8.11797723e-03 
 7.76278907e-01  7.76278907e-01  7.76278907e-01  3.88202278e+00  7.76278907e-01  8.11797723e-03 
 7.86278907e-01  7.86278907e-01  7.86278907e-01  3.88202278e+00  7.86278907e-01  8.11797723e-03 
 7.96278907e-01  7.96278907e-01  7.96278907e-01  3.88202278e+00  7.96278907e-01  8.11797723e-03 
 8.06278907e-01  8.06278907e-01  8.06278907e-01  3.88202278e+00  8.06278907e-01  8.11797723e-03 
 8.16278907e-01  8.16278907e-01  8.16278907e-01  3.88202278e+00  8.16278907e-01  8.11797723e-03 
 8.26278907e-01  8.26278907e-01  8.26278907e-01  3.88202278e+00  8.26278907e-01  8.11797723e-03 
 8.36278907e-01  8.36278907e-01  8.36278907e-01  3.88202278e+00  8.36278907e-01  8.11797723e-03 
 8.46278907e-01  8.46278907e-01  8.46278907e-01  3.88202278e+00  8.46278907e-01  8.11797723e-03 
 8.56278907e-01  8.56278907e-01  8.56278907e-01  3.88202278e+00  8.56278907e-01  8.11797723e-03 
 8.66278907e-01  8.66278907e-01  8.66278907e-01  3.88202278e+00  8.66278907e-01  8.11797723e-03 
 8.76278907e-01  8.76278907e-01  8.76278907e-01  3.88202278e+00  8.76278907e-01  8.11797723e-03 
 8.86278907e-01  8.86278907e-01  8.86278907e-01  3.88202278e+00  8.86278907e-01  8.11797723e-03 
 8.96278907e-01  8.96278907e-01  8.96278907e-01  3.88202278e+00  8.96278907e-01  8.11797723e-03 
 9.06278907e-01  9.06278907e-01  9.06278907e-01  3.88202278e+00  9.06278907e-01  8.11797723e-03 
 9.16278907e-01  9.16278907e-01  9.16278907e-01  3.88202278e+00  9.16278907e-01  8.11797723e-03 
 9.26278907e-01  9.26278907e-01  9.26278907e-01  3.88202278e+00  9.26278907e-01  8.11797723e-03 
 9.36278907e-01  9.36278907e-01  9.36278907e-01  3.88202278e+00  9.36278907e-01  8.11797723e-03 
 9.46278907e-01  9.46278907e-01  9.46278907e-01  3.88202278e+00  9.46278907e-01  8.11797723e-03 
 9.56278907e-01  9.56278907e-01  9.56278907e-01  3.88202278e+00  9.56278907e-01  8.11797723e-03 
 9.66278907e-01  9.66278907e-01  9.66278907e-01  3.88202278e+00  9.66278907e-01  8.11797723e-03 
 9.76278907e-01  9.76278907e-01  9.76278907e-01  3.88202278e+00  9.76278907e-01  8.11797723e-03 
 9.86278907e-01  9.86278907e-01  9.86278907e-01  3.88202278e+00  9.86278907e-01  8.11797723e-03 
 9.96278907e-01  9.96278907e-01  9.96278907e-01  3.88202278e+00  9.96278907e-01  8.11797723e-03 
 1.00627891e+00  1.00627891e+00  1.00627891e+00  3.88202278e+00  1.00627891e+00  8.11797723e-03 
 1.01627891e+00  1.01627891e+00  1.01627891e+00  3.88202278e+00  1.01627891e+00  8.11797723e-03 
 1.02627891e+00  1.02627891e+00  1.02627891e+00  3.88202278e+00  1.02627891e+00  8.11797723e-03 
 1.03627891e+00  1.03627891e+00  1.03627891e+00  3.88202278e+00  1.03627891e+00  8.11797723e-03 
 1.04627891e+00  1.04627891e+00  1.04627891e+00  3.88202278e+00  1.04627891e+00  8.11797723e-03 
 1.05627891e+00  1.05627891e+00  1.05627891e+00  3.88202278e+00  1.05627891e+00  8.11797723e-03 
 1.06627891e+00  1.06627891e+00  1.06627891e+00  3.88202278e+00  1.06627891e+00  8.11797723e-03 
 1.07627891e+00  1.07627891e+00  1.07627891e+00  3.88202278e+00  1.07627891e+00  8.11797723e-03 
 1.08627891e+00  1.08627891e+00  1.08627891e+00  3.88202278e+00  1.08627891e+00  8.11797723e-03 
 1.09627891e+00  1.09627891e+00  1.09627891e+00  3.88202278e+00  1.09627891e+00  8.11797723e-03 
 1.10627891e+00  1.10627891e+00  1.10627891e+00  3.88202278e+00  1.10627891e+00  8.11797723e-03 
 1.11627891e+00  1.11627891e+00  1.11627891e+00  3.88202278e+00  1.11627891e+00  8.11797723e-03 
 1.12627891e+00  1.12627891e+00  1.12627891e+00  3.88202278e+00  1.12627891e+00  8.11797723e-03 
 1.13627891e+00  1.13627891e+00  1.13627891e+00  3.88202278e+00  1.13627891e+00  8.11797723e-03 
 1.14627891e+00  1.14627891e+00  1.14627891e+00  3.88202278e+00  1.14627891e+00  8.11797723e-03 
 1.15627891e+00  1.15627891e+00  1.15627891e+00  3.88202278e+00  1.15627891e+00  8.11797723e-03 
 1.16627891e+00  1.16627891e+00  1.16627891e+00  3.88202278e+00  1.16627891e+00  8.11797723e-03 
 1.17627891e+00  1.17627891e+00  1.17627891e+00  3.88202278e+00  1.17627891e+00  8.11797723e-03 
 1.18627891e+00  1.18627891e+00  1.18627891e+00  3.88202278e+00  1.18627891e+00  8.11797723e-03 
 1.19627891e+00  1.19627891e+00  1.19627891e+00  3.88202278e+00  1.19627891e+00  8.11797723e-03 
 1.20627891e+00  1.20627891e+00  1.20627891e+00  3.88202278e+00  1.20627891e+00  8.11797723e-03 
 1.21627891e+00  1.21627891e+00  1.21627891e+00  3.88202278e+00  1.21627891e+00  8.11797723e-03 
 1.22627891e+00  1.22627891e+00  1.22627891e+00  3.88202278e+00  1.22627891e+00  8.11797723e-03 
 1.23627891e+00  1.23627891e+00  1.23627891e+00  3.88202278e+00  1.23627891e+00  8.11797723e-03 
 1.24627891e+00  1.24627891e+00  1.24627891e+00  3.88202278e+00  1.24627891e+00  8.11797723e-03 
 1.25627891e+00  1.25627891e+00  1.25627891e+00  3.88202278e+00  1.25627891e+00  8.11797723e-03 
 1.26627891e+00  1.26627891e+00  1.26627891e+00  3.88202278e+00  1.26627891e+00  8.11797723e-03 
 1.27627891e+00  1.27627891e+00  1.27627891e+00  3.88202278e+00  1.27627891e+00  8.11797723e-03 
 1.28627891e+00  1.28627891e+00  1.28627891e+00  3.88202278e+00  1.28627891e+00  8.11797723e-03 
 1.29627891e+00  1.29627891e+00  1.29627891e+00  3.88202278e+00  1.29627891e+00  8.11797723e-03 
 1.30627891e+00  1.30627891e+00  1.30627891e+00  3.88202278e+00  1.30627891e+00  8.11797723e-03 
 1.31627891e+00  1.31627891e+00  1.31627891e+00  3.88202278e+00  1.31627891e+00  8.11797723e-03 
 1.32627891e+00  1.32627891e+00  1.32627891e+00  3.88202278e+00  1.32627891e+00  8.11797723e-03 
 1.33627891e+00  1.33627891e+00  1.33627891e+00  3.88202278e+00  1.33627891e+00  8.11797723e-03 
 1.34627891e+00  1.34627891e+00  1.34627891e+00  3.88202278e+00  1.34627891e+00  8.11797723e-03 
 1.35627891e+00  1.35627891e+00  1.35627891e+00  3.88202278e+00  1.35627891e+00  8.11797723e-03 
 1.36627891e+00  1.36627891e+00  1.36627891e+00  3.88202278e+00  1.36627891e+00  8.11797723e-03 
 1.37627891e+00  1.37627891e+00  1.37627891e+00  3.88202278e+00  1.37627891e+00  8.11797723e-03 
 1.38627891e+00  1.38627891e+00  1.38627891e+00  3.88202278e+00  1.38627891e+00  8.11797723e-03 
 1.39627891e+00  1.39627891e+00  1.39627891e+00  3.88202278e+00  1.39627891e+00  8.11797723e-03 
 1.40627891e+00  1.40627891e+00  1.40627891e+00  3.88202278e+00  1.40627891e+00  8.11797723e-03 
 1.41627891e+00  1.41627891e+00  1.41627891e+00  3.88202278e+00  1.41627891e+00  8.11797723e-03 
 1.42627891e+00  1.42627891e+00  1.42627891e+00  3.88202278e+00  1.42627891e+00  8.11797723e-03 
 1.43627891e+00  1.43627891e+00  1.43627891e+00  3.88202278e+00  1.43627891e+00  8.11797723e-03 
 1.44627891e+00  1.44627891e+00  1.44627891e+00  3.88202278e+00  1.44627891e+00  8.11797723e-03 
 1.45627891e+00  1.45627891e+00  1.45627891e+00  3.88202278e+00  1.45627891e+00  8.11797723e-03 
 1.46627891e+00  1.46627891e+00  1.46627891e+00  3.88202278e+00  1.46627891e+00  8.11797723e-03 
 1.47627891e+00  1.47627891e+00  1.47627891e+00  3.88202278e+00  1.47627891e+00  8.11797723e-03 
 1.48627891e+00  1.48627891e+00  1.48627891e+00  3.88202278e+00  1.48627891e+00  8.11797723e-03 
 1.49627891e+00  1.49627891e+00  1.49627891e+00  3.88202278e+00  1.49627891e+00  8.11797723e-03 
 1.50627891e+00  1.50627891e+00  1.50627891e+00  3.88202278e+00  1.50627891e+00  8.11797723e-03 
 1.51627891e+00  1.51627891e+00  1.51627891e+00  3.88202278e+00  1.51627891e+00  8.11797723e-03 
 1.52627891e+00  1.52627891e+00  1.52627891e+00  3.88202278e+00  1.52627891e+00  8.11797723e-03 
 1.53627891e+00  1.53627891e+00  1.53627891e+00  3.88202278e+00  1.53627891e+00  8.11797723e-03 
 1.54627891e+00  1.54627891e+00  1.54627891e+00  3.88202278e+00  1.54627891e+00  8.11797723e-03 
 1.55627891e+00  1.55627891e+00  1.55627891e+00  3.88202278e+00  1.55627891e+00  8.11797723e-03 
 1.56627891e+00  1.56627891e+00  1.56627891e+00  3.88202278e+00  1.56627891e+00  8.11797723e-03 
 1.57627891e+00  1.57627891e+00  1.57627891e+00  3.88202278e+00  1.57627891e+00  8.11797723e-03 
 1.58627891e+00  1.58627891e+00  1.58627891e+00  3.88202278e+00  1.58627891e+00  8.11797723e-03 
 1.59627891e+00  1.59627891e+00  1.59627891e+00  3.88202278e+00  1.59627891e+00  8.11797723e-03 
 1.60627891e+00  1.60627891e+00  1.60627891e+00  3.88202278e+00  1.60627891e+00  8.11797723e-03 
 1.61627891e+00  1.61627891e+00  1.61627891e+00  3.88202278e+00  1.61627891e+00  8.11797723e-03 
 1.62627891e+00  1.62627891e+00  1.62627891e+00  3.88202278e+00  1.62627891e+00  8.11797723e-03 
 1.63627891e+00  1.63627891e+00  1.63627891e+00  3.88202278e+00  1.63627891e+00  8.11797723e-03 
 1.64627891e+00  1.64627891e+00  1.64627891e+00  3.88202278e+00  1.64627891e+00  8.11797723e-03 
 1.65627891e+00  1.65627891e+00  1.65627891e+00  3.88202278e+00  1.65627891e+00  8.11797723e-03 
 1.66627891e+00  1.66627891e+00  1.66627891e+00  3.88202278e+00  1.66627891e+00  8.11797723e-03 
 1.67627891e+00  1.67627891e+00  1.67627891e+00  3.88202278e+00  1.67627891e+00  8.11797723e-03 
 1.68627891e+00  1.68627891e+00  1.68627891e+00  3.88202278e+00  1.68627891e+00  8.11797723e-03 
 1.69627891e+00  1.69627891e+00  1.69627891e+00  3.88202278e+00  1.69627891e+00  8.11797723e-03 
 1.70627891e+00  1.70627891e+00  1.70627891e+00  3.88202278e+00  1.70627891e+00  8.11797723e-03 
 1.71627891e+00  1.71627891e+00  1.71627891e+00  3.88202278e+00  1.71627891e+00  8.11797723e-03 
 1.72627891e+00  1.72627891e+00  1.72627891e+00  3.88202278e+00  1.72627891e+00  8.11797723e-03 
 1.73627891e+00  1.73627891e+00  1.73627891e+00  3.88202278e+00  1.73627891e+00  8.11797723e-03 
 1.74627891e+00  1.74627891e+00  1.74627891e+00  3.88202278e+00  1.74627891e+00  8.11797723e-03 
 1.75627891e+00  1.75627891e+00  1.75627891e+00  3.88202278e+00  1.75627891e+00  8.11797723e-03 
 1.76627891e+00  1.76627891e+00  1.76627891e+00  3.88202278e+00  1.76627891e+00  8.11797723e-03 
 1.77627891e+00  1.77627891e+00  1.77627891e+00  3.88202278e+00  1.77627891e+00  8.11797723e-03 
 1.78627891e+00  1.78627891e+00  1.78627891e+00  3.88202278e+00  1.78627891e+00  8.11797723e-03 
 1.79627891e+00  1.79627891e+00  1.79627891e+00  3.88202278e+00  1.79627891e+00  8.11797723e-03 
 1.80627891e+00  1.80627891e+00  1.80627891e+00  3.88202278e+00  1.80627891e+00  8.11797723e-03 
 1.81627891e+00  1.81627891e+00  1.81627891e+00  3.88202278e+00  1.81627891e+00  8.11797723e-03 
 1.82627891e+00  1.82627891e+00  1.82627891e+00  3.88202278e+00  1.82627891e+00  8.11797723e-03 
 1.83627891e+00  1.83627891e+00  1.83627891e+00  3.88202278e+00  1.83627891e+00  8.11797723e-03 
 1.84627891e+00  1.84627891e+00  1.84627891e+00  3.88202278e+00  1.84627891e+00  8.11797723e-03 
 1.85627891e+00  1.85627891e+00  1.85627891e+00  3.88202278e+00  1.85627891e+00  8.11797723e-03 
 1.86627891e+00  1.86627891e+00  1.86627891e+00  3.88202278e+00  1.86627891e+00  8.11797723e-03 
 1.87627891e+00  1.87627891e+00  1.87627891e+00  3.88202278e+00  1.87627891e+00  8.11797723e-03 
 1.88627891e+00  1.88627891e+00  1.88627891e+00  3.88202278e+00  1.88627891e+00  8.11797723e-03 
 1.89627891e+00  1.89627891e+00  1.89627891e+00  3.88202278e+00  1.89627891e+00  8.11797723e-03 
 1.90627891e+00  1.90627891e+00  1.90627891e+00  3.88202278e+00  1.90627891e+00  8.11797723e-03 
 1.91627891e+00  1.91627891e+00  1.91627891e+00  3.88202278e+00  1.91627891e+00  8.11797723e-03 
 1.92627891e+00  1.92627891e+00  1.92627891e+00  3.88202278e+00  1.92627891e+00  8.11797723e-03 
 1.93627891e+00  1.93627891e+00  1.93627891e+00  3.88202278e+00  1.93627891e+00  8.11797723e-03 
 1.94627891e+00  1.94627891e+00  1.94627891e+00  3.88202278e+00  1.94627891e+00  8.11797723e-03 
 1.95627891e+00  1.95627891e+00  1.95627891e+00  3.88202278e+00  1.95627891e+00  8.11797723e-03 
 1.96627891e+00  1.96627891e+00  1.96627891e+00  3.88202278e+00  1.96627891e+00  8.11797723e-03 
 1.97627891e+00  1.97627891e+00  1.97627891e+00  3.88202278e+00  1.97627891e+00  8.11797723e-03 
 1.98627891e+00  1.98627891e+00  1.98627891e+00  3.88202278e+00  1.98627891e+00  8.11797723e-03 
 1.99627891e+00  1.99627891e+00  1.99627891e+00  3.88202278e+00  1.99627891e+00  8.11797723e-03 
 2.00627891e+00  2.00627891e+00  2.00627891e+00  3.88202278e+00  2.00627891e+00  8.11797723e-03 
 2.01627891e+00  2.01627891e+00  2.01627891e+00  3.88202278e+00  2.01627891e+00  8.11797723e-03 
 2.02627891e+00  2.02627891e+00  2.02627891e+00  3.88202278e+00  2.02627891e+00  8.11797723e-03 
 2.03627891e+00  2.03627891e+00  2.03627891e+00  3.88202278e+00  2.03627891e+00  8.11797723e-03 
 2.04627891e+00  2.04627891e+00  2.04627891e+00  3.88202278e+00  2.04627891e+00  8.11797723e-03 
 2.05627891e+00  2.05627891e+00  2.05627891e+00  3.88202278e+00  2.05627891e+00  8.11797723e-03 
 2.06627891e+00  2.06627891e+00  2.06627891e+00  3.88202278e+00  2.06627891e+00  8.11797723e-03 
 2.07627891e+00  2.07627891e+00  2.07627891e+00  3.88202278e+00  2.07627891e+00  8.11797723e-03 
 2.08627891e+00  2.08627891e+00  2.08627891e+00  3.88202278e+00  2.08627891e+00  8.11797723e-03 
 2.09627891e+00  2.09627891e+00  2.09627891e+00  3.88202278e+00  2.09627891e+00  8.11797723e-03 
 2.10627891e+00  2.10627891e+00  2.10627891e+00  3.88202278e+00  2.10627891e+00  8.11797723e-03 
 2.11627891e+00  2.11627891e+00  2.11627891e+00  3.88202278e+00  2.11627891e+00  8.11797723e-03 
 2.12627891e+00  2.12627891e+00  2.12627891e+00  3.88202278e+00  2.12627891e+00  8.11797723e-03 
 2.13627891e+00  2.13627891e+00  2.13627891e+00  3.88202278e+00  2.13627891e+00  8.11797723e-03 
 2.14627891e+00  2.14627891e+00  2.14627891e+00  3.88202278e+00  2.14627891e+00  8.11797723e-03 
 2.15627891e+00  2.15627891e+00  2.15627891e+00  3.88202278e+00  2.15627891e+00  8.11797723e-03 
 2.16627891e+00  2.16627891e+00  2.16627891e+00  3.88202278e+00  2.16627891e+00  8.11797723e-03 
 2.17627891e+00  2.17627891e+00  2.17627891e+00  3.88202278e+00  2.17627891e+00  8.11797723e-03 
 2.18627891e+00  2.18627891e+00  2.18627891e+00  3.88202278e+00  2.18627891e+00  8.11797723e-03 
 2.19627891e+00  2.19627891e+00  2.19627891e+00  3.88202278e+00  2.19627891e+00  8.11797723e-03 
 2.20627891e+00  2.20627891e+00  2.20627891e+00  3.88202278e+00  2.20627891e+00  8.11797723e-03 
 2.21627891e+00  2.21627891e+00  2.21627891e+00  3.88202278e+00  2.21627891e+00  8.11797723e-03 
 2.22627891e+00  2.22627891e+00  2.22627891e+00  3.88202278e+00  2.22627891e+00  8.11797723e-03 
 2.23627891e+00  2.23627891e+00  2.23627891e+00  3.88202278e+00  2.23627891e+00  8.11797723e-03 
 2.24627891e+00  2.24627891e+00  2.24627891e+00  3.88202278e+00  2.24627891e+00  8.11797723e-03 
 2.25627891e+00  2.25627891e+00  2.25627891e+00  3.88202278e+00  2.25627891e+00  8.11797723e-03 
 2.26627891e+00  2.26627891e+00  2.26627891e+00  3.88202278e+00  2.26627891e+00  8.11797723e-03 
 2.27627891e+00  2.27627891e+00  2.27627891e+00  3.88202278e+00  2.27627891e+00  8.11797723e-03 
 2.28627891e+00  2.28627891e+00  2.28627891e+00  3.88202278e+00  2.28627891e+00  8.11797723e-03 
 2.29627891e+00  2.29627891e+00  2.29627891e+00  3.88202278e+00  2.29627891e+00  8.11797723e-03 
 2.30627891e+00  2.30627891e+00  2.30627891e+00  3.88202278e+00  2.30627891e+00  8.11797723e-03 
 2.31627891e+00  2.31627891e+00  2.31627891e+00  3.88202278e+00  2.31627891e+00  8.11797723e-03 
 2.32627891e+00  2.32627891e+00  2.32627891e+00  3.88202278e+00  2.32627891e+00  8.11797723e-03 
 2.33627891e+00  2.33627891e+00  2.33627891e+00  3.88202278e+00  2.33627891e+00  8.11797723e-03 
 2.34627891e+00  2.34627891e+00  2.34627891e+00  3.88202278e+00  2.34627891e+00  8.11797723e-03 
 2.35627891e+00  2.35627891e+00  2.35627891e+00  3.88202278e+00  2.35627891e+00  8.11797723e-03 
 2.36627891e+00  2.36627891e+00  2.36627891e+00  3.88202278e+00  2.36627891e+00  8.11797723e-03 
 2.37627891e+00  2.37627891e+00  2.37627891e+00  3.88202278e+00  2.37627891e+00  8.11797723e-03 
 2.38627891e+00  2.38627891e+00  2.38627891e+00  3.88202278e+00  2.38627891e+00  8.11797723e-03 
 2.39627891e+00  2.39627891e+00  2.39627891e+00  3.88202278e+00  2.39627891e+00  8.11797723e-03 
 2.40627891e+00  2.40627891e+00  2.40627891e+00  3.88202278e+00  2.40627891e+00  8.11797723e-03 
 2.41627891e+00  2.41627891e+00  2.41627891e+00  3.88202278e+00  2.41627891e+00  8.11797723e-03 
 2.42627891e+00  2.42627891e+00  2.42627891e+00  3.88202278e+00  2.42627891e+00  8.11797723e-03 
 2.43627891e+00  2.43627891e+00  2.43627891e+00  3.88202278e+00  2.43627891e+00  8.11797723e-03 
 2.44627891e+00  2.44627891e+00  2.44627891e+00  3.88202278e+00  2.44627891e+00  8.11797723e-03 
 2.45627891e+00  2.45627891e+00  2.45627891e+00  3.88202278e+00  2.45627891e+00  8.11797723e-03 
 2.46627891e+00  2.46627891e+00  2.46627891e+00  3.88202278e+00  2.46627891e+00  8.11797723e-03 
 2.47627891e+00  2.47627891e+00  2.47627891e+00  3.88202278e+00  2.47627891e+00  8.11797723e-03 
 2.48627891e+00  2.48627891e+00  2.48627891e+00  3.88202278e+00  2.48627891e+00  8.11797723e-03 
 2.49627891e+00  2.49627891e+00  2.49627891e+00  3.88202278e+00  2.49627891e+00  8.11797723e-03 
 2.50627891e+00  2.50627891e+00  2.50627891e+00  3.88202278e+00  2.50627891e+00  8.11797723e-03 
 2.51627891e+00  2.51627891e+00  2.51627891e+00  3.88202278e+00  2.51627891e+00  8.11797723e-03 
 2.52627891e+00  2.52627891e+00  2.52627891e+00  3.88202278e+00  2.52627891e+00  8.11797723e-03 
 2.53627891e+00  2.53627891e+00  2.53627891e+00  3.88202278e+00  2.53627891e+00  8.11797723e-03 
 2.54627891e+00  2.54627891e+00  2.54627891e+00  3.88202278e+00  2.54627891e+00  8.11797723e-03 
 2.55627891e+00  2.55627891e+00  2.55627891e+00  3.88202278e+00  2.55627891e+00  8.11797723e-03 
 2.56627891e+00  2.56627891e+00  2.56627891e+00  3.88202278e+00  2.56627891e+00  8.11797723e-03 
 2.57627891e+00  2.57627891e+00  2.57627891e+00  3.88202278e+00  2.57627891e+00  8.11797723e-03 
 2.58627891e+00  2.58627891e+00  2.58627891e+00  3.88202278e+00  2.58627891e+00  8.11797723e-03 
 2.59627891e+00  2.59627891e+00  2.59627891e+00  3.88202278e+00  2.59627891e+00  8.11797723e-03 
 2.60627891e+00  2.60627891e+00  2.60627891e+00  3.88202278e+00  2.60627891e+00  8.11797723e-03 
 2.61627891e+00  2.61627891e+00  2.61627891e+00  3.88202278e+00  2.61627891e+00  8.11797723e-03 
 2.62627891e+00  2.62627891e+00  2.62627891e+00  3.88202278e+00  2.62627891e+00  8.11797723e-03 
 2.63627891e+00  2.63627891e+00  2.63627891e+00  3.88202278e+00  2.63627891e+00  8.11797723e-03 
 2.64627891e+00  2.64627891e+00  2.64627891e+00  3.88202278e+00  2.64627891e+00  8.11797723e-03 
 2.65627891e+00  2.65627891e+00  2.65627891e+00  3.88202278e+00  2.65627891e+00  8.11797723e-03 
 2.66627891e+00  2.66627891e+00  2.66627891e+00  3.88202278e+00  2.66627891e+00  8.11797723e-03 
 2.67627891e+00  2.67627891e+00  2.67627891e+00  3.88202278e+00  2.67627891e+00  8.11797723e-03 
 2.68627891e+00  2.68627891e+00  2.68627891e+00  3.88202278e+00  2.68627891e+00  8.11797723e-03 
 2.69627891e+00  2.69627891e+00  2.69627891e+00  3.88202278e+00  2.69627891e+00  8.11797723e-03 
 2.70627891e+00  2.70627891e+00  2.70627891e+00  3.88202278e+00  2.70627891e+00  8.11797723e-03 
 2.71627891e+00  2.71627891e+00  2.71627891e+00  3.88202278e+00  2.71627891e+00  8.11797723e-03 
 2.72627891e+00  2.72627891e+00  2.72627891e+00  3.88202278e+00  2.72627891e+00  8.11797723e-03 
 2.73627891e+00  2.73627891e+00  2.73627891e+00  3.88202278e+00  2.73627891e+00  8.11797723e-03 
 2.74627891e+00  2.74627891e+00  2.74627891e+00  3.88202278e+00  2.74627891e+00  8.11797723e-03 
 2.75627891e+00  2.75627891e+00  2.75627891e+00  3.88202278e+00  2.75627891e+00  8.11797723e-03 
 2.76627891e+00  2.76627891e+00  2.76627891e+00  3.88202278e+00  2.76627891e+00  8.11797723e-03 
 2.77627891e+00  2.77627891e+00  2.77627891e+00  3.88202278e+00  2.77627891e+00  8.11797723e-03 
 2.78627891e+00  2.78627891e+00  2.78627891e+00  3.88202278e+00  2.78627891e+00  8.11797723e-03 
 2.79627891e+00  2.79627891e+00  2.79627891e+00  3.88202278e+00  2.79627891e+00  8.11797723e-03 
 2.80627891e+00  2.80627891e+00  2.80627891e+00  3.88202278e+00  2.80627891e+00  8.11797723e-03 
 2.81627891e+00  2.81627891e+00  2.81627891e+00  3.88202278e+00  2.81627891e+00  8.11797723e-03 
 2.82627891e+00  2.82627891e+00  2.82627891e+00  3.88202278e+00  2.82627891e+00  8.11797723e-03 
 2.83627891e+00  2.83627891e+00  2.83627891e+00  3.88202278e+00  2.83627891e+00  8.11797723e-03 
 2.84627891e+00  2.84627891e+00  2.84627891e+00  3.88202278e+00  2.84627891e+00  8.11797723e-03 
 2.85627891e+00  2.85627891e+00  2.85627891e+00  3.88202278e+00  2.85627891e+00  8.11797723e-03 
 2.86627891e+00  2.86627891e+00  2.86627891e+00  3.88202278e+00  2.86627891e+00  8.11797723e-03 
 2.87627891e+00  2.87627891e+00  2.87627891e+00  3.88202278e+00  2.87627891e+00  8.11797723e-03 
 2.88627891e+00  2.88627891e+00  2.88627891e+00  3.88202278e+00  2.88627891e+00  8.11797723e-03 
 2.89627891e+00  2.89627891e+00  2.89627891e+00  3.88202278e+00  2.89627891e+00  8.11797723e-03 
 2.90627891e+00  2.90627891e+00  2.90627891e+00  3.88202278e+00  2.90627891e+00  8.11797723e-03 
 2.91627891e+00  2.91627891e+00  2.91627891e+00  3.88202278e+00  2.91627891e+00  8.11797723e-03 
 2.92627891e+00  2.92627891e+00  2.92627891e+00  3.88202278e+00  2.92627891e+00  8.11797723e-03 
 2.93627891e+00  2.93627891e+00  2.93627891e+00  3.88202278e+00  2.93627891e+00  8.11797723e-03 
 2.94627891e+00  2.94627891e+00  2.94627891e+00  3.88202278e+00  2.94627891e+00  8.11797723e-03 
 2.95627891e+00  2.95627891e+00  2.95627891e+00  3.88202278e+00  2.95627891e+00  8.11797723e-03 
 2.96627891e+00  2.96627891e+00  2.96627891e+00  3.88202278e+00  2.96627891e+00  8.11797723e-03 
 2.97627891e+00  2.97627891e+00  2.97627891e+00  3.88202278e+00  2.97627891e+00  8.11797723e-03 
 2.98627891e+00  2.98627891e+00  2.98627891e+00  3.88202278e+00  2.98627891e+00  8.11797723e-03 
 2.99627891e+00  2.99627891e+00  2.99627891e+00  3.88202278e+00  2.99627891e+00  8.11797723e-03 
 3.00000000e+00  3.00000000e+00  3.00000000e+00  3.88202278e+00  3.00000000e+00  8.11797723e-03 
