 5.00000000e-05  8.07743697e-03  5.00000000e-05  8.15253547e-03  5.00000000e-05  3.88217584e+00 
 1.00000000e-04  8.03804847e-03  1.00000000e-04  8.06680552e-03  1.00000000e-04  3.88137411e+00 
 2.00000000e-04  7.95916575e-03  2.00000000e-04  7.95940289e-03  2.00000000e-04  3.88027075e+00 
 4.00000000e-04  7.80328814e-03  4.00000000e-04  7.80347968e-03  4.00000000e-04  3.87852383e+00 
 8.00000000e-04  7.50067581e-03  8.00000000e-04  7.50067581e-03  8.00000000e-04  3.87505687e+00 
 1.60000000e-03  6.93026393e-03  1.60000000e-03  6.93026395e-03  1.60000000e-03  3.86823116e+00 
 3.20000000e-03  5.91585155e-03  3.20000000e-03  5.91585156e-03  3.20000000e-03  3.85495431e+00 
 5.00000000e-03  4.95212319e-03  5.00000000e-03  4.95212332e-03  5.00000000e-03  3.84056494e+00 
 5.32000000e-03  4.80095095e-03  5.32000000e-03  4.80095185e-03  5.32000000e-03  3.83810675e+00 
 5.96000000e-03  4.50801384e-03  5.96000000e-03  4.50801589e-03  5.96000000e-03  3.83315699e+00 
 7.24000000e-03  3.97484916e-03  7.24000000e-03  3.97484917e-03  7.24000000e-03  3.82341843e+00 
 9.80000000e-03  3.08955379e-03  9.80000000e-03  3.08955387e-03  9.80000000e-03  3.80447022e+00 
 1.48000000e-02  1.88226425e-03  1.48000000e-02  1.88227539e-03  1.48000000e-02  3.76880526e+00 
 1.98000000e-02  1.15630455e-03  1.98000000e-02  1.15634442e-03  1.98000000e-02  3.73512277e+00 
 2.48000000e-02  7.19379744e-04  2.48000000e-02  7.19436985e-04  2.48000000e-02  3.70312650e+00 
 2.98000000e-02  4.55855589e-04  2.98000000e-02  4.55932035e-04  2.98000000e-02  3.67284183e+00 
 3.48000000e-02  2.96193232e-04  3.48000000e-02  2.96285043e-04  3.48000000e-02  3.64449198e+00 
 3.98000000e-02  1.98614562e-04  3.98000000e-02  1.98711428e-04  3.98000000e-02  3.61836871e+00 
 4.48000000e-02  1.38102906e-04  4.48000000e-02  1.38191567e-04  4.48000000e-02  3.59470100e+00 
 4.98000000e-02  9.97695039e-05  4.98000000e-02  9.98403175e-05  4.98000000e-02  3.57356631e+00 
 5.48000000e-02  7.48141392e-05  5.48000000e-02  7.48646163e-05  5.48000000e-02  3.55487577e+00 
 5.98000000e-02  5.80542642e-05  5.98000000e-02  5.80873921e-05  5.98000000e-02  3.53841855e+00 
 6.48000000e-02  4.64276742e-05  6.48000000e-02  4.64483340e-05  6.48000000e-02  3.52392466e+00 
 6.98000000e-02  3.81036306e-05  6.98000000e-02  3.81162055e-05  6.98000000e-02  3.51111588e+00 
 7.48000000e-02  3.19665010e-05  7.48000000e-02  3.19741206e-05  7.48000000e-02  3.49973548e+00 
 7.98000000e-02  2.73199127e-05  7.98000000e-02  2.73245697e-05  7.98000000e-02  3.48956047e+00 
 8.48000000e-02  2.37176075e-05  8.48000000e-02  2.37205009e-05  8.48000000e-02  3.48040340e+00 
 8.98000000e-02  2.08658837e-05  8.98000000e-02  2.08677184e-05  8.98000000e-02  3.47210926e+00 
 9.48000000e-02  1.85663910e-05  9.48000000e-02  1.85675805e-05  9.48000000e-02  3.46455069e+00 
 9.98000000e-02  1.66818778e-05  9.98000000e-02  1.66826665e-05  9.98000000e-02  3.45762314e+00 
 1.04800000e-01  1.51152031e-05  1.04800000e-01  1.51157376e-05  1.04800000e-01  3.45124055e+00 
 1.09800000e-01  1.37961740e-05  1.09800000e-01  1.37965439e-05  1.09800000e-01  3.44533174e+00 
 1.14800000e-01  1.26730979e-05  1.14800000e-01  1.26733591e-05  1.14800000e-01  3.43983751e+00 
 1.19800000e-01  1.17072418e-05  1.19800000e-01  1.17074298e-05  1.19800000e-01  3.43470828e+00 
 1.24800000e-01  1.08691211e-05  1.24800000e-01  1.08692587e-05  1.24800000e-01  3.42990232e+00 
 1.29800000e-01  1.01359653e-05  1.29800000e-01  1.01360678e-05  1.29800000e-01  3.42538421e+00 
 1.34800000e-01  9.48995626e-06  1.34800000e-01  9.49003382e-06  1.34800000e-01  3.42112374e+00 
 1.39800000e-01  8.91698204e-06  1.39800000e-01  8.91704163e-06  1.39800000e-01  3.41709499e+00 
 1.44800000e-01  8.40574184e-06  1.44800000e-01  8.40578830e-06  1.44800000e-01  3.41327555e+00 
 1.49800000e-01  7.94709373e-06  1.49800000e-01  7.94713046e-06  1.49800000e-01  3.40964600e+00 
 1.54800000e-01  7.53357278e-06  1.54800000e-01  7.53360222e-06  1.54800000e-01  3.40618936e+00 
 1.59800000e-01  7.15903068e-06  1.59800000e-01  7.15905459e-06  1.59800000e-01  3.40289075e+00 
 1.64800000e-01  6.81836294e-06  1.64800000e-01  6.81838261e-06  1.64800000e-01  3.39973708e+00 
 1.69800000e-01  6.50730024e-06  1.69800000e-01  6.50731664e-06  1.69800000e-01  3.39671673e+00 
 1.74800000e-01  6.22224721e-06  1.74800000e-01  6.22226105e-06  1.74800000e-01  3.39381940e+00 
 1.79800000e-01  5.96015659e-06  1.79800000e-01  5.96016841e-06  1.79800000e-01  3.39103590e+00 
 1.84800000e-01  5.71843024e-06  1.84800000e-01  5.71844046e-06  1.84800000e-01  3.38835798e+00 
 1.89800000e-01  5.49484060e-06  1.89800000e-01  5.49484953e-06  1.89800000e-01  3.38577826e+00 
 1.94800000e-01  5.28746779e-06  1.94800000e-01  5.28747570e-06  1.94800000e-01  3.38329006e+00 
 1.99800000e-01  5.09464907e-06  1.99800000e-01  5.09465613e-06  1.99800000e-01  3.38088736e+00 
 2.04800000e-01  4.91493771e-06  2.04800000e-01  4.91494409e-06  2.04800000e-01  3.37856468e+00 
 2.09800000e-01  4.74706950e-06  2.09800000e-01  4.74707531e-06  2.09800000e-01  3.37631705e+00 
 2.14800000e-01  4.58993520e-06  2.14800000e-01  4.58994055e-06  2.14800000e-01  3.37413994e+00 
 2.19800000e-01  4.44255782e-06  2.19800000e-01  4.44256278e-06  2.19800000e-01  3.37202920e+00 
 2.24800000e-01  4.30407367e-06  2.24800000e-01  4.30407831e-06  2.24800000e-01  3.36998103e+00 
 2.29800000e-01  4.17371663e-06  2.29800000e-01  4.17372100e-06  2.29800000e-01  3.36799195e+00 
 2.34800000e-01  4.05080488e-06  2.34800000e-01  4.05080903e-06  2.34800000e-01  3.36605873e+00 
 2.39800000e-01  3.93472978e-06  2.39800000e-01  3.93473374e-06  2.39800000e-01  3.36417843e+00 
 2.44800000e-01  3.82494637e-06  2.44800000e-01  3.82495016e-06  2.44800000e-01  3.36234830e+00 
 2.49800000e-01  3.72096537e-06  2.49800000e-01  3.72096902e-06  2.49800000e-01  3.36056581e+00 
 2.54800000e-01  3.62234630e-06  2.54800000e-01  3.62234982e-06  2.54800000e-01  3.35882861e+00 
 2.59800000e-01  3.52869161e-06  2.59800000e-01  3.52869504e-06  2.59800000e-01  3.35713451e+00 
 2.64800000e-01  3.43964166e-06  2.64800000e-01  3.43964500e-06  2.64800000e-01  3.35548148e+00 
 2.69800000e-01  3.35487028e-06  2.69800000e-01  3.35487354e-06  2.69800000e-01  3.35386763e+00 
 2.74800000e-01  3.27408107e-06  2.74800000e-01  3.27408427e-06  2.74800000e-01  3.35229118e+00 
 2.79800000e-01  3.19700407e-06  2.79800000e-01  3.19700720e-06  2.79800000e-01  3.35075050e+00 
 2.84800000e-01  3.12339290e-06  2.84800000e-01  3.12339599e-06  2.84800000e-01  3.34924401e+00 
 2.89800000e-01  3.05302230e-06  2.89800000e-01  3.05302534e-06  2.89800000e-01  3.34777029e+00 
 2.94800000e-01  2.98568588e-06  2.94800000e-01  2.98568889e-06  2.94800000e-01  3.34632795e+00 
 2.99800000e-01  2.92119427e-06  2.99800000e-01  2.92119724e-06  2.99800000e-01  3.34491573e+00 
 3.04800000e-01  2.85937334e-06  3.04800000e-01  2.85937628e-06  3.04800000e-01  3.34353241e+00 
 3.09800000e-01  2.80006276e-06  3.09800000e-01  2.80006568e-06  3.09800000e-01  3.34217687e+00 
 3.14800000e-01  2.74311467e-06  3.14800000e-01  2.74311756e-06  3.14800000e-01  3.34084803e+00 
 3.19800000e-01  2.68839245e-06  3.19800000e-01  2.68839532e-06  3.19800000e-01  3.33954488e+00 
 3.24800000e-01  2.63576975e-06  3.24800000e-01  2.63577261e-06  3.24800000e-01  3.33826647e+00 
 3.29800000e-01  2.58512951e-06  3.29800000e-01  2.58513235e-06  3.29800000e-01  3.33701189e+00 
 3.34800000e-01  2.53636312e-06  3.34800000e-01  2.53636594e-06  3.34800000e-01  3.33578029e+00 
 3.39800000e-01  2.48936970e-06  3.39800000e-01  2.48937251e-06  3.39800000e-01  3.33457085e+00 
 3.44800000e-01  2.44405542e-06  3.44800000e-01  2.44405822e-06  3.44800000e-01  3.33338282e+00 
 3.49800000e-01  2.40033290e-06  3.49800000e-01  2.40033569e-06  3.49800000e-01  3.33221545e+00 
 3.54800000e-01  2.35812066e-06  3.54800000e-01  2.35812345e-06  3.54800000e-01  3.33106805e+00 
 3.59800000e-01  2.31734266e-06  3.59800000e-01  2.31734543e-06  3.59800000e-01  3.32993997e+00 
 3.64800000e-01  2.27792781e-06  3.64800000e-01  2.27793057e-06  3.64800000e-01  3.32883057e+00 
 3.69800000e-01  2.23980962e-06  3.69800000e-01  2.23981238e-06  3.69800000e-01  3.32773926e+00 
 3.74800000e-01  2.20292582e-06  3.74800000e-01  2.20292858e-06  3.74800000e-01  3.32666547e+00 
 3.79800000e-01  2.16721804e-06  3.79800000e-01  2.16722079e-06  3.79800000e-01  3.32560865e+00 
 3.84800000e-01  2.13263150e-06  3.84800000e-01  2.13263424e-06  3.84800000e-01  3.32456828e+00 
 3.89800000e-01  2.09911472e-06  3.89800000e-01  2.09911746e-06  3.89800000e-01  3.32354386e+00 
 3.94800000e-01  2.06661934e-06  3.94800000e-01  2.06662208e-06  3.94800000e-01  3.32253493e+00 
 3.99800000e-01  2.03509983e-06  3.99800000e-01  2.03510256e-06  3.99800000e-01  3.32154103e+00 
 4.04800000e-01  2.00451330e-06  4.04800000e-01  2.00451603e-06  4.04800000e-01  3.32056171e+00 
 4.09800000e-01  1.97481933e-06  4.09800000e-01  1.97482206e-06  4.09800000e-01  3.31959658e+00 
 4.14800000e-01  1.94597979e-06  4.14800000e-01  1.94598251e-06  4.14800000e-01  3.31864523e+00 
 4.19800000e-01  1.91795865e-06  4.19800000e-01  1.91796138e-06  4.19800000e-01  3.31770727e+00 
 4.24800000e-01  1.89072190e-06  4.24800000e-01  1.89072462e-06  4.24800000e-01  3.31678234e+00 
 4.29800000e-01  1.86423735e-06  4.29800000e-01  1.86424007e-06  4.29800000e-01  3.31587009e+00 
 4.34800000e-01  1.83847454e-06  4.34800000e-01  1.83847726e-06  4.34800000e-01  3.31497018e+00 
 4.39800000e-01  1.81340463e-06  4.39800000e-01  1.81340735e-06  4.39800000e-01  3.31408229e+00 
 4.44800000e-01  1.78900028e-06  4.44800000e-01  1.78900300e-06  4.44800000e-01  3.31320610e+00 
 4.49800000e-01  1.76523556e-06  4.49800000e-01  1.76523828e-06  4.49800000e-01  3.31234131e+00 
 4.54800000e-01  1.74208587e-06  4.54800000e-01  1.74208858e-06  4.54800000e-01  3.31148763e+00 
 4.59800000e-01  1.71952783e-06  4.59800000e-01  1.71953055e-06  4.59800000e-01  3.31064479e+00 
 4.64800000e-01  1.69753924e-06  4.64800000e-01  1.69754196e-06  4.64800000e-01  3.30981252e+00 
 4.69800000e-01  1.67609898e-06  4.69800000e-01  1.67610170e-06  4.69800000e-01  3.30899056e+00 
 4.74800000e-01  1.65518696e-06  4.74800000e-01  1.65518968e-06  4.74800000e-01  3.30817865e+00 
 4.79800000e-01  1.63478406e-06  4.79800000e-01  1.63478677e-06  4.79800000e-01  3.30737657e+00 
 4.84800000e-01  1.61487204e-06  4.84800000e-01  1.61487475e-06  4.84800000e-01  3.30658407e+00 
 4.89800000e-01  1.59543355e-06  4.89800000e-01  1.59543626e-06  4.89800000e-01  3.30580094e+00 
 4.94800000e-01  1.57645202e-06  4.94800000e-01  1.57645473e-06  4.94800000e-01  3.30502696e+00 
 4.99800000e-01  1.55791165e-06  4.99800000e-01  1.55791436e-06  4.99800000e-01  3.30426191e+00 
 5.04800000e-01  1.53979735e-06  5.04800000e-01  1.53980006e-06  5.04800000e-01  3.30350560e+00 
 5.09800000e-01  1.52209472e-06  5.09800000e-01  1.52209743e-06  5.09800000e-01  3.30275784e+00 
 5.14800000e-01  1.50478997e-06  5.14800000e-01  1.50479268e-06  5.14800000e-01  3.30201843e+00 
 5.19800000e-01  1.48786995e-06  5.19800000e-01  1.48787267e-06  5.19800000e-01  3.30128719e+00 
 5.24800000e-01  1.47132206e-06  5.24800000e-01  1.47132477e-06  5.24800000e-01  3.30056395e+00 
 5.29800000e-01  1.45513425e-06  5.29800000e-01  1.45513696e-06  5.29800000e-01  3.29984852e+00 
 5.34800000e-01  1.43929496e-06  5.34800000e-01  1.43929767e-06  5.34800000e-01  3.29914076e+00 
 5.39800000e-01  1.42379315e-06  5.39800000e-01  1.42379586e-06  5.39800000e-01  3.29844050e+00 
 5.44800000e-01  1.40861821e-06  5.44800000e-01  1.40862092e-06  5.44800000e-01  3.29774758e+00 
 5.49800000e-01  1.39375999e-06  5.49800000e-01  1.39376270e-06  5.49800000e-01  3.29706184e+00 
 5.54800000e-01  1.37920874e-06  5.54800000e-01  1.37921146e-06  5.54800000e-01  3.29638316e+00 
 5.59800000e-01  1.36495512e-06  5.59800000e-01  1.36495783e-06  5.59800000e-01  3.29571138e+00 
 5.64800000e-01  1.35099013e-06  5.64800000e-01  1.35099285e-06  5.64800000e-01  3.29504636e+00 
 5.69800000e-01  1.33730517e-06  5.69800000e-01  1.33730789e-06  5.69800000e-01  3.29438798e+00 
 5.74800000e-01  1.32389195e-06  5.74800000e-01  1.32389466e-06  5.74800000e-01  3.29373610e+00 
 5.79800000e-01  1.31074250e-06  5.79800000e-01  1.31074521e-06  5.79800000e-01  3.29309060e+00 
 5.84800000e-01  1.29784917e-06  5.84800000e-01  1.29785189e-06  5.84800000e-01  3.29245135e+00 
 5.89800000e-01  1.28520460e-06  5.89800000e-01  1.28520732e-06  5.89800000e-01  3.29181823e+00 
 5.94800000e-01  1.27280171e-06  5.94800000e-01  1.27280442e-06  5.94800000e-01  3.29119114e+00 
 5.99800000e-01  1.26063366e-06  5.99800000e-01  1.26063638e-06  5.99800000e-01  3.29056996e+00 
 6.04800000e-01  1.24869391e-06  6.04800000e-01  1.24869662e-06  6.04800000e-01  3.28995457e+00 
 6.09800000e-01  1.23697611e-06  6.09800000e-01  1.23697883e-06  6.09800000e-01  3.28934487e+00 
 6.14800000e-01  1.22547418e-06  6.14800000e-01  1.22547690e-06  6.14800000e-01  3.28874077e+00 
 6.19800000e-01  1.21418225e-06  6.19800000e-01  1.21418497e-06  6.19800000e-01  3.28814215e+00 
 6.24800000e-01  1.20309464e-06  6.24800000e-01  1.20309736e-06  6.24800000e-01  3.28754893e+00 
 6.29800000e-01  1.19220590e-06  6.29800000e-01  1.19220862e-06  6.29800000e-01  3.28696100e+00 
 6.34800000e-01  1.18151075e-06  6.34800000e-01  1.18151347e-06  6.34800000e-01  3.28637827e+00 
 6.39800000e-01  1.17100411e-06  6.39800000e-01  1.17100682e-06  6.39800000e-01  3.28580065e+00 
 6.44800000e-01  1.16068106e-06  6.44800000e-01  1.16068377e-06  6.44800000e-01  3.28522806e+00 
 6.49800000e-01  1.15053686e-06  6.49800000e-01  1.15053958e-06  6.49800000e-01  3.28466041e+00 
 6.54800000e-01  1.14056693e-06  6.54800000e-01  1.14056965e-06  6.54800000e-01  3.28409760e+00 
 6.59800000e-01  1.13076685e-06  6.59800000e-01  1.13076957e-06  6.59800000e-01  3.28353958e+00 
 6.64800000e-01  1.12113232e-06  6.64800000e-01  1.12113504e-06  6.64800000e-01  3.28298624e+00 
 6.69800000e-01  1.11165923e-06  6.69800000e-01  1.11166195e-06  6.69800000e-01  3.28243752e+00 
 6.74800000e-01  1.10234356e-06  6.74800000e-01  1.10234628e-06  6.74800000e-01  3.28189334e+00 
 6.79800000e-01  1.09318145e-06  6.79800000e-01  1.09318417e-06  6.79800000e-01  3.28135363e+00 
 6.84800000e-01  1.08416914e-06  6.84800000e-01  1.08417186e-06  6.84800000e-01  3.28081831e+00 
 6.89800000e-01  1.07530302e-06  6.89800000e-01  1.07530575e-06  6.89800000e-01  3.28028731e+00 
 6.94800000e-01  1.06657958e-06  6.94800000e-01  1.06658230e-06  6.94800000e-01  3.27976057e+00 
 6.99800000e-01  1.05799541e-06  6.99800000e-01  1.05799814e-06  6.99800000e-01  3.27923802e+00 
 7.04800000e-01  1.04954724e-06  7.04800000e-01  1.04954996e-06  7.04800000e-01  3.27871959e+00 
 7.09800000e-01  1.04123185e-06  7.09800000e-01  1.04123458e-06  7.09800000e-01  3.27820521e+00 
 7.14800000e-01  1.03304618e-06  7.14800000e-01  1.03304890e-06  7.14800000e-01  3.27769484e+00 
 7.19800000e-01  1.02498721e-06  7.19800000e-01  1.02498993e-06  7.19800000e-01  3.27718839e+00 
 7.24800000e-01  1.01705205e-06  7.24800000e-01  1.01705477e-06  7.24800000e-01  3.27668582e+00 
 7.29800000e-01  1.00923788e-06  7.29800000e-01  1.00924060e-06  7.29800000e-01  3.27618707e+00 
 7.34800000e-01  1.00154196e-06  7.34800000e-01  1.00154469e-06  7.34800000e-01  3.27569208e+00 
 7.39800000e-01  9.93961657e-07  7.39800000e-01  9.93964383e-07  7.39800000e-01  3.27520079e+00 
 7.44800000e-01  9.86494382e-07  7.44800000e-01  9.86497109e-07  7.44800000e-01  3.27471315e+00 
 7.49800000e-01  9.79137643e-07  7.49800000e-01  9.79140370e-07  7.49800000e-01  3.27422910e+00 
 7.54800000e-01  9.71889016e-07  7.54800000e-01  9.71891744e-07  7.54800000e-01  3.27374860e+00 
 7.59800000e-01  9.64746147e-07  7.59800000e-01  9.64748875e-07  7.59800000e-01  3.27327159e+00 
 7.64800000e-01  9.57706748e-07  7.64800000e-01  9.57709477e-07  7.64800000e-01  3.27279802e+00 
 7.69800000e-01  9.50768599e-07  7.69800000e-01  9.50771328e-07  7.69800000e-01  3.27232785e+00 
 7.74800000e-01  9.43929541e-07  7.74800000e-01  9.43932270e-07  7.74800000e-01  3.27186102e+00 
 7.79800000e-01  9.37187476e-07  7.79800000e-01  9.37190206e-07  7.79800000e-01  3.27139748e+00 
 7.84800000e-01  9.30540365e-07  7.84800000e-01  9.30543095e-07  7.84800000e-01  3.27093721e+00 
 7.89800000e-01  9.23986225e-07  7.89800000e-01  9.23988956e-07  7.89800000e-01  3.27048013e+00 
 7.94800000e-01  9.17523129e-07  7.94800000e-01  9.17525860e-07  7.94800000e-01  3.27002622e+00 
 7.99800000e-01  9.11149201e-07  7.99800000e-01  9.11151932e-07  7.99800000e-01  3.26957544e+00 
 8.04800000e-01  9.04862616e-07  8.04800000e-01  9.04865348e-07  8.04800000e-01  3.26912773e+00 
 8.09800000e-01  8.98661600e-07  8.09800000e-01  8.98664332e-07  8.09800000e-01  3.26868305e+00 
 8.14800000e-01  8.92544425e-07  8.14800000e-01  8.92547158e-07  8.14800000e-01  3.26824137e+00 
 8.19800000e-01  8.86509411e-07  8.19800000e-01  8.86512144e-07  8.19800000e-01  3.26780265e+00 
 8.24800000e-01  8.80554920e-07  8.24800000e-01  8.80557653e-07  8.24800000e-01  3.26736684e+00 
 8.29800000e-01  8.74679357e-07  8.29800000e-01  8.74682091e-07  8.29800000e-01  3.26693392e+00 
 8.34800000e-01  8.68881172e-07  8.34800000e-01  8.68883906e-07  8.34800000e-01  3.26650383e+00 
 8.39800000e-01  8.63158852e-07  8.39800000e-01  8.63161586e-07  8.39800000e-01  3.26607655e+00 
 8.44800000e-01  8.57510924e-07  8.44800000e-01  8.57513659e-07  8.44800000e-01  3.26565204e+00 
 8.49800000e-01  8.51935953e-07  8.49800000e-01  8.51938689e-07  8.49800000e-01  3.26523025e+00 
 8.54800000e-01  8.46432542e-07  8.54800000e-01  8.46435277e-07  8.54800000e-01  3.26481117e+00 
 8.59800000e-01  8.40999325e-07  8.59800000e-01  8.41002061e-07  8.59800000e-01  3.26439475e+00 
 8.64800000e-01  8.35634976e-07  8.64800000e-01  8.35637712e-07  8.64800000e-01  3.26398096e+00 
 8.69800000e-01  8.30338197e-07  8.69800000e-01  8.30340934e-07  8.69800000e-01  3.26356977e+00 
 8.74800000e-01  8.25107726e-07  8.74800000e-01  8.25110463e-07  8.74800000e-01  3.26316115e+00 
 8.79800000e-01  8.19942330e-07  8.79800000e-01  8.19945068e-07  8.79800000e-01  3.26275506e+00 
 8.84800000e-01  8.14840808e-07  8.84800000e-01  8.14843546e-07  8.84800000e-01  3.26235147e+00 
 8.89800000e-01  8.09801987e-07  8.89800000e-01  8.09804725e-07  8.89800000e-01  3.26195035e+00 
 8.94800000e-01  8.04824722e-07  8.94800000e-01  8.04827461e-07  8.94800000e-01  3.26155168e+00 
 8.99800000e-01  7.99907897e-07  8.99800000e-01  7.99910637e-07  8.99800000e-01  3.26115542e+00 
 9.04800000e-01  7.95050423e-07  9.04800000e-01  7.95053162e-07  9.04800000e-01  3.26076154e+00 
 9.09800000e-01  7.90251234e-07  9.09800000e-01  7.90253974e-07  9.09800000e-01  3.26037002e+00 
 9.14800000e-01  7.85509293e-07  9.14800000e-01  7.85512034e-07  9.14800000e-01  3.25998083e+00 
 9.19800000e-01  7.80823586e-07  9.19800000e-01  7.80826327e-07  9.19800000e-01  3.25959394e+00 
 9.24800000e-01  7.76193121e-07  9.24800000e-01  7.76195863e-07  9.24800000e-01  3.25920932e+00 
 9.29800000e-01  7.71616932e-07  9.29800000e-01  7.71619674e-07  9.29800000e-01  3.25882695e+00 
 9.34800000e-01  7.67094073e-07  9.34800000e-01  7.67096815e-07  9.34800000e-01  3.25844680e+00 
 9.39800000e-01  7.62623622e-07  9.39800000e-01  7.62626364e-07  9.39800000e-01  3.25806885e+00 
 9.44800000e-01  7.58204675e-07  9.44800000e-01  7.58207418e-07  9.44800000e-01  3.25769306e+00 
 9.49800000e-01  7.53836352e-07  9.49800000e-01  7.53839095e-07  9.49800000e-01  3.25731943e+00 
 9.54800000e-01  7.49517791e-07  9.54800000e-01  7.49520534e-07  9.54800000e-01  3.25694791e+00 
 9.59800000e-01  7.45248149e-07  9.59800000e-01  7.45250893e-07  9.59800000e-01  3.25657850e+00 
 9.64800000e-01  7.41026603e-07  9.64800000e-01  7.41029347e-07  9.64800000e-01  3.25621116e+00 
 9.69800000e-01  7.36852348e-07  9.69800000e-01  7.36855093e-07  9.69800000e-01  3.25584587e+00 
 9.74800000e-01  7.32724597e-07  9.74800000e-01  7.32727342e-07  9.74800000e-01  3.25548260e+00 
 9.79800000e-01  7.28642579e-07  9.79800000e-01  7.28645324e-07  9.79800000e-01  3.25512135e+00 
 9.84800000e-01  7.24605542e-07  9.84800000e-01  7.24608288e-07  9.84800000e-01  3.25476208e+00 
 9.89800000e-01  7.20612749e-07  9.89800000e-01  7.20615495e-07  9.89800000e-01  3.25440478e+00 
 9.94800000e-01  7.16663479e-07  9.94800000e-01  7.16666225e-07  9.94800000e-01  3.25404941e+00 
 9.99800000e-01  7.12757027e-07  9.99800000e-01  7.12759773e-07  9.99800000e-01  3.25369597e+00 
 1.00480000e+00  7.08892703e-07  1.00480000e+00  7.08895449e-07  1.00480000e+00  3.25334443e+00 
 1.00980000e+00  7.05069831e-07  1.00980000e+00  7.05072578e-07  1.00980000e+00  3.25299476e+00 
 1.01480000e+00  7.01287750e-07  1.01480000e+00  7.01290498e-07  1.01480000e+00  3.25264696e+00 
 1.01980000e+00  6.97545814e-07  1.01980000e+00  6.97548562e-07  1.01980000e+00  3.25230100e+00 
 1.02480000e+00  6.93843389e-07  1.02480000e+00  6.93846137e-07  1.02480000e+00  3.25195686e+00 
 1.02980000e+00  6.90179854e-07  1.02980000e+00  6.90182603e-07  1.02980000e+00  3.25161453e+00 
 1.03480000e+00  6.86554602e-07  1.03480000e+00  6.86557351e-07  1.03480000e+00  3.25127397e+00 
 1.03980000e+00  6.82967038e-07  1.03980000e+00  6.82969787e-07  1.03980000e+00  3.25093519e+00 
 1.04480000e+00  6.79416580e-07  1.04480000e+00  6.79419329e-07  1.04480000e+00  3.25059815e+00 
 1.04980000e+00  6.75902656e-07  1.04980000e+00  6.75905406e-07  1.04980000e+00  3.25026284e+00 
 1.05480000e+00  6.72424708e-07  1.05480000e+00  6.72427458e-07  1.05480000e+00  3.24992924e+00 
 1.05980000e+00  6.68982188e-07  1.05980000e+00  6.68984938e-07  1.05980000e+00  3.24959733e+00 
 1.06480000e+00  6.65574559e-07  1.06480000e+00  6.65577309e-07  1.06480000e+00  3.24926711e+00 
 1.06980000e+00  6.62201294e-07  1.06980000e+00  6.62204046e-07  1.06980000e+00  3.24893854e+00 
 1.07480000e+00  6.58861880e-07  1.07480000e+00  6.58864631e-07  1.07480000e+00  3.24861162e+00 
 1.07980000e+00  6.55555809e-07  1.07980000e+00  6.55558561e-07  1.07980000e+00  3.24828633e+00 
 1.08480000e+00  6.52282588e-07  1.08480000e+00  6.52285340e-07  1.08480000e+00  3.24796265e+00 
 1.08980000e+00  6.49041730e-07  1.08980000e+00  6.49044483e-07  1.08980000e+00  3.24764057e+00 
 1.09480000e+00  6.45832760e-07  1.09480000e+00  6.45835513e-07  1.09480000e+00  3.24732006e+00 
 1.09980000e+00  6.42655210e-07  1.09980000e+00  6.42657963e-07  1.09980000e+00  3.24700112e+00 
 1.10480000e+00  6.39508623e-07  1.10480000e+00  6.39511376e-07  1.10480000e+00  3.24668373e+00 
 1.10980000e+00  6.36392550e-07  1.10980000e+00  6.36395304e-07  1.10980000e+00  3.24636788e+00 
 1.11480000e+00  6.33306551e-07  1.11480000e+00  6.33309305e-07  1.11480000e+00  3.24605355e+00 
 1.11980000e+00  6.30250193e-07  1.11980000e+00  6.30252947e-07  1.11980000e+00  3.24574072e+00 
 1.12480000e+00  6.27223054e-07  1.12480000e+00  6.27225808e-07  1.12480000e+00  3.24542939e+00 
 1.12980000e+00  6.24224716e-07  1.12980000e+00  6.24227471e-07  1.12980000e+00  3.24511953e+00 
 1.13480000e+00  6.21254774e-07  1.13480000e+00  6.21257529e-07  1.13480000e+00  3.24481113e+00 
 1.13980000e+00  6.18312826e-07  1.13980000e+00  6.18315582e-07  1.13980000e+00  3.24450419e+00 
 1.14480000e+00  6.15398480e-07  1.14480000e+00  6.15401236e-07  1.14480000e+00  3.24419868e+00 
 1.14980000e+00  6.12511350e-07  1.14980000e+00  6.12514106e-07  1.14980000e+00  3.24389460e+00 
 1.15480000e+00  6.09651058e-07  1.15480000e+00  6.09653814e-07  1.15480000e+00  3.24359192e+00 
 1.15980000e+00  6.06817232e-07  1.15980000e+00  6.06819989e-07  1.15980000e+00  3.24329064e+00 
 1.16480000e+00  6.04009509e-07  1.16480000e+00  6.04012266e-07  1.16480000e+00  3.24299075e+00 
 1.16980000e+00  6.01227530e-07  1.16980000e+00  6.01230287e-07  1.16980000e+00  3.24269223e+00 
 1.17480000e+00  5.98470944e-07  1.17480000e+00  5.98473701e-07  1.17480000e+00  3.24239507e+00 
 1.17980000e+00  5.95739405e-07  1.17980000e+00  5.95742163e-07  1.17980000e+00  3.24209925e+00 
 1.18480000e+00  5.93032576e-07  1.18480000e+00  5.93035334e-07  1.18480000e+00  3.24180477e+00 
 1.18980000e+00  5.90350123e-07  1.18980000e+00  5.90352881e-07  1.18980000e+00  3.24151161e+00 
 1.19480000e+00  5.87691719e-07  1.19480000e+00  5.87694478e-07  1.19480000e+00  3.24121977e+00 
 1.19980000e+00  5.85057044e-07  1.19980000e+00  5.85059803e-07  1.19980000e+00  3.24092922e+00 
 1.20480000e+00  5.82445781e-07  1.20480000e+00  5.82448541e-07  1.20480000e+00  3.24063996e+00 
 1.20980000e+00  5.79857622e-07  1.20980000e+00  5.79860382e-07  1.20980000e+00  3.24035198e+00 
 1.21480000e+00  5.77292262e-07  1.21480000e+00  5.77295022e-07  1.21480000e+00  3.24006526e+00 
 1.21980000e+00  5.74749402e-07  1.21980000e+00  5.74752162e-07  1.21980000e+00  3.23977980e+00 
 1.22480000e+00  5.72228747e-07  1.22480000e+00  5.72231508e-07  1.22480000e+00  3.23949558e+00 
 1.22980000e+00  5.69730010e-07  1.22980000e+00  5.69732771e-07  1.22980000e+00  3.23921260e+00 
 1.23480000e+00  5.67252906e-07  1.23480000e+00  5.67255667e-07  1.23480000e+00  3.23893084e+00 
 1.23980000e+00  5.64797157e-07  1.23980000e+00  5.64799918e-07  1.23980000e+00  3.23865029e+00 
 1.24480000e+00  5.62362488e-07  1.24480000e+00  5.62365250e-07  1.24480000e+00  3.23837094e+00 
 1.24980000e+00  5.59948630e-07  1.24980000e+00  5.59951392e-07  1.24980000e+00  3.23809278e+00 
 1.25480000e+00  5.57555318e-07  1.25480000e+00  5.57558080e-07  1.25480000e+00  3.23781580e+00 
 1.25980000e+00  5.55182291e-07  1.25980000e+00  5.55185054e-07  1.25980000e+00  3.23754000e+00 
 1.26480000e+00  5.52829294e-07  1.26480000e+00  5.52832057e-07  1.26480000e+00  3.23726535e+00 
 1.26980000e+00  5.50496074e-07  1.26980000e+00  5.50498837e-07  1.26980000e+00  3.23699186e+00 
 1.27480000e+00  5.48182384e-07  1.27480000e+00  5.48185147e-07  1.27480000e+00  3.23671951e+00 
 1.27980000e+00  5.45887980e-07  1.27980000e+00  5.45890744e-07  1.27980000e+00  3.23644829e+00 
 1.28480000e+00  5.43612624e-07  1.28480000e+00  5.43615387e-07  1.28480000e+00  3.23617820e+00 
 1.28980000e+00  5.41356078e-07  1.28980000e+00  5.41358842e-07  1.28980000e+00  3.23590922e+00 
 1.29480000e+00  5.39118113e-07  1.29480000e+00  5.39120877e-07  1.29480000e+00  3.23564134e+00 
 1.29980000e+00  5.36898499e-07  1.29980000e+00  5.36901263e-07  1.29980000e+00  3.23537456e+00 
 1.30480000e+00  5.34697012e-07  1.30480000e+00  5.34699777e-07  1.30480000e+00  3.23510887e+00 
 1.30980000e+00  5.32513433e-07  1.30980000e+00  5.32516198e-07  1.30980000e+00  3.23484426e+00 
 1.31480000e+00  5.30347544e-07  1.31480000e+00  5.30350309e-07  1.31480000e+00  3.23458072e+00 
 1.31980000e+00  5.28199131e-07  1.31980000e+00  5.28201897e-07  1.31980000e+00  3.23431823e+00 
 1.32480000e+00  5.26067985e-07  1.32480000e+00  5.26070751e-07  1.32480000e+00  3.23405680e+00 
 1.32980000e+00  5.23953898e-07  1.32980000e+00  5.23956664e-07  1.32980000e+00  3.23379642e+00 
 1.33480000e+00  5.21856668e-07  1.33480000e+00  5.21859434e-07  1.33480000e+00  3.23353707e+00 
 1.33980000e+00  5.19776093e-07  1.33980000e+00  5.19778860e-07  1.33980000e+00  3.23327875e+00 
 1.34480000e+00  5.17711977e-07  1.34480000e+00  5.17714744e-07  1.34480000e+00  3.23302144e+00 
 1.34980000e+00  5.15664126e-07  1.34980000e+00  5.15666893e-07  1.34980000e+00  3.23276515e+00 
 1.35480000e+00  5.13632348e-07  1.35480000e+00  5.13635116e-07  1.35480000e+00  3.23250987e+00 
 1.35980000e+00  5.11616456e-07  1.35980000e+00  5.11619224e-07  1.35980000e+00  3.23225558e+00 
 1.36480000e+00  5.09616265e-07  1.36480000e+00  5.09619033e-07  1.36480000e+00  3.23200227e+00 
 1.36980000e+00  5.07631592e-07  1.36980000e+00  5.07634361e-07  1.36980000e+00  3.23174995e+00 
 1.37480000e+00  5.05662259e-07  1.37480000e+00  5.05665027e-07  1.37480000e+00  3.23149860e+00 
 1.37980000e+00  5.03708087e-07  1.37980000e+00  5.03710856e-07  1.37980000e+00  3.23124822e+00 
 1.38480000e+00  5.01768904e-07  1.38480000e+00  5.01771673e-07  1.38480000e+00  3.23099880e+00 
 1.38980000e+00  4.99844538e-07  1.38980000e+00  4.99847307e-07  1.38980000e+00  3.23075032e+00 
 1.39480000e+00  4.97934820e-07  1.39480000e+00  4.97937589e-07  1.39480000e+00  3.23050279e+00 
 1.39980000e+00  4.96039583e-07  1.39980000e+00  4.96042353e-07  1.39980000e+00  3.23025620e+00 
 1.40480000e+00  4.94158666e-07  1.40480000e+00  4.94161436e-07  1.40480000e+00  3.23001054e+00 
 1.40980000e+00  4.92291905e-07  1.40980000e+00  4.92294675e-07  1.40980000e+00  3.22976580e+00 
 1.41480000e+00  4.90439143e-07  1.41480000e+00  4.90441913e-07  1.41480000e+00  3.22952197e+00 
 1.41980000e+00  4.88600222e-07  1.41980000e+00  4.88602993e-07  1.41980000e+00  3.22927906e+00 
 1.42480000e+00  4.86774989e-07  1.42480000e+00  4.86777760e-07  1.42480000e+00  3.22903705e+00 
 1.42980000e+00  4.84963292e-07  1.42980000e+00  4.84966063e-07  1.42980000e+00  3.22879593e+00 
 1.43480000e+00  4.83164980e-07  1.43480000e+00  4.83167752e-07  1.43480000e+00  3.22855570e+00 
 1.43980000e+00  4.81379908e-07  1.43980000e+00  4.81382679e-07  1.43980000e+00  3.22831636e+00 
 1.44480000e+00  4.79607928e-07  1.44480000e+00  4.79610700e-07  1.44480000e+00  3.22807789e+00 
 1.44980000e+00  4.77848899e-07  1.44980000e+00  4.77851671e-07  1.44980000e+00  3.22784029e+00 
 1.45480000e+00  4.76102679e-07  1.45480000e+00  4.76105452e-07  1.45480000e+00  3.22760355e+00 
 1.45980000e+00  4.74369129e-07  1.45980000e+00  4.74371902e-07  1.45980000e+00  3.22736767e+00 
 1.46480000e+00  4.72648112e-07  1.46480000e+00  4.72650885e-07  1.46480000e+00  3.22713265e+00 
 1.46980000e+00  4.70939493e-07  1.46980000e+00  4.70942266e-07  1.46980000e+00  3.22689846e+00 
 1.47480000e+00  4.69243138e-07  1.47480000e+00  4.69245911e-07  1.47480000e+00  3.22666512e+00 
 1.47980000e+00  4.67558917e-07  1.47980000e+00  4.67561690e-07  1.47980000e+00  3.22643261e+00 
 1.48480000e+00  4.65886700e-07  1.48480000e+00  4.65889473e-07  1.48480000e+00  3.22620093e+00 
 1.48980000e+00  4.64226359e-07  1.48980000e+00  4.64229133e-07  1.48980000e+00  3.22597006e+00 
 1.49480000e+00  4.62577769e-07  1.49480000e+00  4.62580543e-07  1.49480000e+00  3.22574002e+00 
 1.49980000e+00  4.60940805e-07  1.49980000e+00  4.60943579e-07  1.49980000e+00  3.22551078e+00 
 1.50480000e+00  4.59315346e-07  1.50480000e+00  4.59318120e-07  1.50480000e+00  3.22528235e+00 
 1.50980000e+00  4.57701270e-07  1.50980000e+00  4.57704045e-07  1.50980000e+00  3.22505471e+00 
 1.51480000e+00  4.56098460e-07  1.51480000e+00  4.56101235e-07  1.51480000e+00  3.22482787e+00 
 1.51980000e+00  4.54506797e-07  1.51980000e+00  4.54509572e-07  1.51980000e+00  3.22460182e+00 
 1.52480000e+00  4.52926166e-07  1.52480000e+00  4.52928942e-07  1.52480000e+00  3.22437655e+00 
 1.52980000e+00  4.51356453e-07  1.52980000e+00  4.51359229e-07  1.52980000e+00  3.22415205e+00 
 1.53480000e+00  4.49797546e-07  1.53480000e+00  4.49800322e-07  1.53480000e+00  3.22392833e+00 
 1.53980000e+00  4.48249333e-07  1.53980000e+00  4.48252109e-07  1.53980000e+00  3.22370537e+00 
 1.54480000e+00  4.46711705e-07  1.54480000e+00  4.46714482e-07  1.54480000e+00  3.22348317e+00 
 1.54980000e+00  4.45184555e-07  1.54980000e+00  4.45187331e-07  1.54980000e+00  3.22326173e+00 
 1.55480000e+00  4.43667775e-07  1.55480000e+00  4.43670552e-07  1.55480000e+00  3.22304104e+00 
 1.55980000e+00  4.42161261e-07  1.55980000e+00  4.42164038e-07  1.55980000e+00  3.22282110e+00 
 1.56480000e+00  4.40664909e-07  1.56480000e+00  4.40667686e-07  1.56480000e+00  3.22260189e+00 
 1.56980000e+00  4.39178617e-07  1.56980000e+00  4.39181394e-07  1.56980000e+00  3.22238342e+00 
 1.57480000e+00  4.37702283e-07  1.57480000e+00  4.37705061e-07  1.57480000e+00  3.22216568e+00 
 1.57980000e+00  4.36235809e-07  1.57980000e+00  4.36238587e-07  1.57980000e+00  3.22194867e+00 
 1.58480000e+00  4.34779097e-07  1.58480000e+00  4.34781875e-07  1.58480000e+00  3.22173238e+00 
 1.58980000e+00  4.33332048e-07  1.58980000e+00  4.33334826e-07  1.58980000e+00  3.22151681e+00 
 1.59480000e+00  4.31894568e-07  1.59480000e+00  4.31897347e-07  1.59480000e+00  3.22130194e+00 
 1.59980000e+00  4.30466563e-07  1.59980000e+00  4.30469341e-07  1.59980000e+00  3.22108779e+00 
 1.60480000e+00  4.29047938e-07  1.60480000e+00  4.29050717e-07  1.60480000e+00  3.22087433e+00 
 1.60980000e+00  4.27638602e-07  1.60980000e+00  4.27641382e-07  1.60980000e+00  3.22066158e+00 
 1.61480000e+00  4.26238465e-07  1.61480000e+00  4.26241245e-07  1.61480000e+00  3.22044951e+00 
 1.61980000e+00  4.24847437e-07  1.61980000e+00  4.24850217e-07  1.61980000e+00  3.22023814e+00 
 1.62480000e+00  4.23465429e-07  1.62480000e+00  4.23468209e-07  1.62480000e+00  3.22002745e+00 
 1.62980000e+00  4.22092354e-07  1.62980000e+00  4.22095134e-07  1.62980000e+00  3.21981744e+00 
 1.63480000e+00  4.20728127e-07  1.63480000e+00  4.20730907e-07  1.63480000e+00  3.21960810e+00 
 1.63980000e+00  4.19372661e-07  1.63980000e+00  4.19375441e-07  1.63980000e+00  3.21939944e+00 
 1.64480000e+00  4.18025873e-07  1.64480000e+00  4.18028654e-07  1.64480000e+00  3.21919144e+00 
 1.64980000e+00  4.16687680e-07  1.64980000e+00  4.16690461e-07  1.64980000e+00  3.21898411e+00 
 1.65480000e+00  4.15358001e-07  1.65480000e+00  4.15360782e-07  1.65480000e+00  3.21877743e+00 
 1.65980000e+00  4.14036754e-07  1.65980000e+00  4.14039535e-07  1.65980000e+00  3.21857141e+00 
 1.66480000e+00  4.12723859e-07  1.66480000e+00  4.12726641e-07  1.66480000e+00  3.21836604e+00 
 1.66980000e+00  4.11419239e-07  1.66980000e+00  4.11422021e-07  1.66980000e+00  3.21816131e+00 
 1.67480000e+00  4.10122814e-07  1.67480000e+00  4.10125596e-07  1.67480000e+00  3.21795723e+00 
 1.67980000e+00  4.08834509e-07  1.67980000e+00  4.08837291e-07  1.67980000e+00  3.21775378e+00 
 1.68480000e+00  4.07554247e-07  1.68480000e+00  4.07557029e-07  1.68480000e+00  3.21755097e+00 
 1.68980000e+00  4.06281954e-07  1.68980000e+00  4.06284736e-07  1.68980000e+00  3.21734879e+00 
 1.69480000e+00  4.05017554e-07  1.69480000e+00  4.05020337e-07  1.69480000e+00  3.21714724e+00 
 1.69980000e+00  4.03760976e-07  1.69980000e+00  4.03763760e-07  1.69980000e+00  3.21694630e+00 
 1.70480000e+00  4.02512148e-07  1.70480000e+00  4.02514931e-07  1.70480000e+00  3.21674599e+00 
 1.70980000e+00  4.01270997e-07  1.70980000e+00  4.01273780e-07  1.70980000e+00  3.21654629e+00 
 1.71480000e+00  4.00037453e-07  1.71480000e+00  4.00040237e-07  1.71480000e+00  3.21634720e+00 
 1.71980000e+00  3.98811448e-07  1.71980000e+00  3.98814231e-07  1.71980000e+00  3.21614872e+00 
 1.72480000e+00  3.97592911e-07  1.72480000e+00  3.97595695e-07  1.72480000e+00  3.21595085e+00 
 1.72980000e+00  3.96381775e-07  1.72980000e+00  3.96384559e-07  1.72980000e+00  3.21575357e+00 
 1.73480000e+00  3.95177973e-07  1.73480000e+00  3.95180758e-07  1.73480000e+00  3.21555689e+00 
 1.73980000e+00  3.93981439e-07  1.73980000e+00  3.93984224e-07  1.73980000e+00  3.21536080e+00 
 1.74480000e+00  3.92792108e-07  1.74480000e+00  3.92794892e-07  1.74480000e+00  3.21516530e+00 
 1.74980000e+00  3.91609914e-07  1.74980000e+00  3.91612699e-07  1.74980000e+00  3.21497039e+00 
 1.75480000e+00  3.90434793e-07  1.75480000e+00  3.90437578e-07  1.75480000e+00  3.21477606e+00 
 1.75980000e+00  3.89266683e-07  1.75980000e+00  3.89269468e-07  1.75980000e+00  3.21458231e+00 
 1.76480000e+00  3.88105521e-07  1.76480000e+00  3.88108307e-07  1.76480000e+00  3.21438913e+00 
 1.76980000e+00  3.86951245e-07  1.76980000e+00  3.86954031e-07  1.76980000e+00  3.21419653e+00 
 1.77480000e+00  3.85803795e-07  1.77480000e+00  3.85806581e-07  1.77480000e+00  3.21400449e+00 
 1.77980000e+00  3.84663110e-07  1.77980000e+00  3.84665896e-07  1.77980000e+00  3.21381302e+00 
 1.78480000e+00  3.83529130e-07  1.78480000e+00  3.83531917e-07  1.78480000e+00  3.21362211e+00 
 1.78980000e+00  3.82401798e-07  1.78980000e+00  3.82404584e-07  1.78980000e+00  3.21343177e+00 
 1.79480000e+00  3.81281053e-07  1.79480000e+00  3.81283840e-07  1.79480000e+00  3.21324197e+00 
 1.79980000e+00  3.80166840e-07  1.79980000e+00  3.80169627e-07  1.79980000e+00  3.21305273e+00 
 1.80480000e+00  3.79059101e-07  1.80480000e+00  3.79061889e-07  1.80480000e+00  3.21286404e+00 
 1.80980000e+00  3.77957781e-07  1.80980000e+00  3.77960568e-07  1.80980000e+00  3.21267589e+00 
 1.81480000e+00  3.76862823e-07  1.81480000e+00  3.76865610e-07  1.81480000e+00  3.21248828e+00 
 1.81980000e+00  3.75774173e-07  1.81980000e+00  3.75776960e-07  1.81980000e+00  3.21230122e+00 
 1.82480000e+00  3.74691776e-07  1.82480000e+00  3.74694564e-07  1.82480000e+00  3.21211469e+00 
 1.82980000e+00  3.73615579e-07  1.82980000e+00  3.73618367e-07  1.82980000e+00  3.21192870e+00 
 1.83480000e+00  3.72545529e-07  1.83480000e+00  3.72548318e-07  1.83480000e+00  3.21174323e+00 
 1.83980000e+00  3.71481574e-07  1.83980000e+00  3.71484363e-07  1.83980000e+00  3.21155829e+00 
 1.84480000e+00  3.70423661e-07  1.84480000e+00  3.70426450e-07  1.84480000e+00  3.21137388e+00 
 1.84980000e+00  3.69371740e-07  1.84980000e+00  3.69374529e-07  1.84980000e+00  3.21118999e+00 
 1.85480000e+00  3.68325760e-07  1.85480000e+00  3.68328549e-07  1.85480000e+00  3.21100662e+00 
 1.85980000e+00  3.67285670e-07  1.85980000e+00  3.67288459e-07  1.85980000e+00  3.21082376e+00 
 1.86480000e+00  3.66251421e-07  1.86480000e+00  3.66254210e-07  1.86480000e+00  3.21064142e+00 
 1.86980000e+00  3.65222964e-07  1.86980000e+00  3.65225754e-07  1.86980000e+00  3.21045958e+00 
 1.87480000e+00  3.64200252e-07  1.87480000e+00  3.64203041e-07  1.87480000e+00  3.21027826e+00 
 1.87980000e+00  3.63183235e-07  1.87980000e+00  3.63186024e-07  1.87980000e+00  3.21009743e+00 
 1.88480000e+00  3.62171866e-07  1.88480000e+00  3.62174656e-07  1.88480000e+00  3.20991711e+00 
 1.88980000e+00  3.61166099e-07  1.88980000e+00  3.61168889e-07  1.88980000e+00  3.20973729e+00 
 1.89480000e+00  3.60165888e-07  1.89480000e+00  3.60168678e-07  1.89480000e+00  3.20955796e+00 
 1.89980000e+00  3.59171185e-07  1.89980000e+00  3.59173976e-07  1.89980000e+00  3.20937913e+00 
 1.90480000e+00  3.58181948e-07  1.90480000e+00  3.58184738e-07  1.90480000e+00  3.20920078e+00 
 1.90980000e+00  3.57198129e-07  1.90980000e+00  3.57200920e-07  1.90980000e+00  3.20902293e+00 
 1.91480000e+00  3.56219685e-07  1.91480000e+00  3.56222477e-07  1.91480000e+00  3.20884556e+00 
 1.91980000e+00  3.55246573e-07  1.91980000e+00  3.55249365e-07  1.91980000e+00  3.20866867e+00 
 1.92480000e+00  3.54278749e-07  1.92480000e+00  3.54281540e-07  1.92480000e+00  3.20849226e+00 
 1.92980000e+00  3.53316169e-07  1.92980000e+00  3.53318961e-07  1.92980000e+00  3.20831633e+00 
 1.93480000e+00  3.52358792e-07  1.93480000e+00  3.52361584e-07  1.93480000e+00  3.20814088e+00 
 1.93980000e+00  3.51406575e-07  1.93980000e+00  3.51409367e-07  1.93980000e+00  3.20796589e+00 
 1.94480000e+00  3.50459478e-07  1.94480000e+00  3.50462270e-07  1.94480000e+00  3.20779138e+00 
 1.94980000e+00  3.49517458e-07  1.94980000e+00  3.49520250e-07  1.94980000e+00  3.20761733e+00 
 1.95480000e+00  3.48580475e-07  1.95480000e+00  3.48583268e-07  1.95480000e+00  3.20744375e+00 
 1.95980000e+00  3.47648489e-07  1.95980000e+00  3.47651282e-07  1.95980000e+00  3.20727063e+00 
 1.96480000e+00  3.46721461e-07  1.96480000e+00  3.46724254e-07  1.96480000e+00  3.20709797e+00 
 1.96980000e+00  3.45799350e-07  1.96980000e+00  3.45802143e-07  1.96980000e+00  3.20692577e+00 
 1.97480000e+00  3.44882118e-07  1.97480000e+00  3.44884911e-07  1.97480000e+00  3.20675402e+00 
 1.97980000e+00  3.43969726e-07  1.97980000e+00  3.43972520e-07  1.97980000e+00  3.20658273e+00 
 1.98480000e+00  3.43062137e-07  1.98480000e+00  3.43064931e-07  1.98480000e+00  3.20641188e+00 
 1.98980000e+00  3.42159312e-07  1.98980000e+00  3.42162106e-07  1.98980000e+00  3.20624149e+00 
 1.99480000e+00  3.41261214e-07  1.99480000e+00  3.41264008e-07  1.99480000e+00  3.20607154e+00 
 1.99980000e+00  3.40367806e-07  1.99980000e+00  3.40370600e-07  1.99980000e+00  3.20590203e+00 
 2.00480000e+00  3.39479051e-07  2.00480000e+00  3.39481846e-07  2.00480000e+00  3.20573296e+00 
 2.00980000e+00  3.38594914e-07  2.00980000e+00  3.38597708e-07  2.00980000e+00  3.20556433e+00 
 2.01480000e+00  3.37715358e-07  2.01480000e+00  3.37718153e-07  2.01480000e+00  3.20539614e+00 
 2.01980000e+00  3.36840349e-07  2.01980000e+00  3.36843143e-07  2.01980000e+00  3.20522838e+00 
 2.02480000e+00  3.35969850e-07  2.02480000e+00  3.35972645e-07  2.02480000e+00  3.20506106e+00 
 2.02980000e+00  3.35103827e-07  2.02980000e+00  3.35106622e-07  2.02980000e+00  3.20489416e+00 
 2.03480000e+00  3.34242246e-07  2.03480000e+00  3.34245042e-07  2.03480000e+00  3.20472769e+00 
 2.03980000e+00  3.33385073e-07  2.03980000e+00  3.33387869e-07  2.03980000e+00  3.20456165e+00 
 2.04480000e+00  3.32532274e-07  2.04480000e+00  3.32535070e-07  2.04480000e+00  3.20439603e+00 
 2.04980000e+00  3.31683816e-07  2.04980000e+00  3.31686612e-07  2.04980000e+00  3.20423083e+00 
 2.05480000e+00  3.30839666e-07  2.05480000e+00  3.30842462e-07  2.05480000e+00  3.20406604e+00 
 2.05980000e+00  3.29999790e-07  2.05980000e+00  3.30002586e-07  2.05980000e+00  3.20390168e+00 
 2.06480000e+00  3.29164158e-07  2.06480000e+00  3.29166954e-07  2.06480000e+00  3.20373773e+00 
 2.06980000e+00  3.28332736e-07  2.06980000e+00  3.28335532e-07  2.06980000e+00  3.20357419e+00 
 2.07480000e+00  3.27505493e-07  2.07480000e+00  3.27508290e-07  2.07480000e+00  3.20341107e+00 
 2.07980000e+00  3.26682398e-07  2.07980000e+00  3.26685195e-07  2.07980000e+00  3.20324835e+00 
 2.08480000e+00  3.25863420e-07  2.08480000e+00  3.25866216e-07  2.08480000e+00  3.20308604e+00 
 2.08980000e+00  3.25048527e-07  2.08980000e+00  3.25051324e-07  2.08980000e+00  3.20292413e+00 
 2.09480000e+00  3.24237690e-07  2.09480000e+00  3.24240487e-07  2.09480000e+00  3.20276263e+00 
 2.09980000e+00  3.23430878e-07  2.09980000e+00  3.23433675e-07  2.09980000e+00  3.20260152e+00 
 2.10480000e+00  3.22628061e-07  2.10480000e+00  3.22630858e-07  2.10480000e+00  3.20244081e+00 
 2.10980000e+00  3.21829210e-07  2.10980000e+00  3.21832008e-07  2.10980000e+00  3.20228050e+00 
 2.11480000e+00  3.21034296e-07  2.11480000e+00  3.21037094e-07  2.11480000e+00  3.20212059e+00 
 2.11980000e+00  3.20243290e-07  2.11980000e+00  3.20246087e-07  2.11980000e+00  3.20196107e+00 
 2.12480000e+00  3.19456162e-07  2.12480000e+00  3.19458960e-07  2.12480000e+00  3.20180194e+00 
 2.12980000e+00  3.18672884e-07  2.12980000e+00  3.18675683e-07  2.12980000e+00  3.20164319e+00 
 2.13480000e+00  3.17893429e-07  2.13480000e+00  3.17896228e-07  2.13480000e+00  3.20148484e+00 
 2.13980000e+00  3.17117769e-07  2.13980000e+00  3.17120568e-07  2.13980000e+00  3.20132686e+00 
 2.14480000e+00  3.16345876e-07  2.14480000e+00  3.16348674e-07  2.14480000e+00  3.20116928e+00 
 2.14980000e+00  3.15577722e-07  2.14980000e+00  3.15580521e-07  2.14980000e+00  3.20101207e+00 
 2.15480000e+00  3.14813280e-07  2.15480000e+00  3.14816079e-07  2.15480000e+00  3.20085524e+00 
 2.15980000e+00  3.14052525e-07  2.15980000e+00  3.14055324e-07  2.15980000e+00  3.20069879e+00 
 2.16480000e+00  3.13295428e-07  2.16480000e+00  3.13298227e-07  2.16480000e+00  3.20054272e+00 
 2.16980000e+00  3.12541964e-07  2.16980000e+00  3.12544764e-07  2.16980000e+00  3.20038702e+00 
 2.17480000e+00  3.11792107e-07  2.17480000e+00  3.11794907e-07  2.17480000e+00  3.20023169e+00 
 2.17980000e+00  3.11045831e-07  2.17980000e+00  3.11048631e-07  2.17980000e+00  3.20007673e+00 
 2.18480000e+00  3.10303111e-07  2.18480000e+00  3.10305911e-07  2.18480000e+00  3.19992214e+00 
 2.18980000e+00  3.09563920e-07  2.18980000e+00  3.09566721e-07  2.18980000e+00  3.19976792e+00 
 2.19480000e+00  3.08828235e-07  2.19480000e+00  3.08831035e-07  2.19480000e+00  3.19961407e+00 
 2.19980000e+00  3.08096030e-07  2.19980000e+00  3.08098831e-07  2.19980000e+00  3.19946057e+00 
 2.20480000e+00  3.07367281e-07  2.20480000e+00  3.07370081e-07  2.20480000e+00  3.19930744e+00 
 2.20980000e+00  3.06641963e-07  2.20980000e+00  3.06644763e-07  2.20980000e+00  3.19915467e+00 
 2.21480000e+00  3.05920052e-07  2.21480000e+00  3.05922853e-07  2.21480000e+00  3.19900226e+00 
 2.21980000e+00  3.05201524e-07  2.21980000e+00  3.05204325e-07  2.21980000e+00  3.19885020e+00 
 2.22480000e+00  3.04486356e-07  2.22480000e+00  3.04489157e-07  2.22480000e+00  3.19869850e+00 
 2.22980000e+00  3.03774524e-07  2.22980000e+00  3.03777325e-07  2.22980000e+00  3.19854715e+00 
 2.23480000e+00  3.03066004e-07  2.23480000e+00  3.03068806e-07  2.23480000e+00  3.19839616e+00 
 2.23980000e+00  3.02360775e-07  2.23980000e+00  3.02363576e-07  2.23980000e+00  3.19824551e+00 
 2.24480000e+00  3.01658812e-07  2.24480000e+00  3.01661614e-07  2.24480000e+00  3.19809521e+00 
 2.24980000e+00  3.00960094e-07  2.24980000e+00  3.00962896e-07  2.24980000e+00  3.19794526e+00 
 2.25480000e+00  3.00264598e-07  2.25480000e+00  3.00267400e-07  2.25480000e+00  3.19779566e+00 
 2.25980000e+00  2.99572301e-07  2.25980000e+00  2.99575103e-07  2.25980000e+00  3.19764640e+00 
 2.26480000e+00  2.98883182e-07  2.26480000e+00  2.98885985e-07  2.26480000e+00  3.19749748e+00 
 2.26980000e+00  2.98197219e-07  2.26980000e+00  2.98200022e-07  2.26980000e+00  3.19734890e+00 
 2.27480000e+00  2.97514391e-07  2.27480000e+00  2.97517194e-07  2.27480000e+00  3.19720066e+00 
 2.27980000e+00  2.96834675e-07  2.27980000e+00  2.96837478e-07  2.27980000e+00  3.19705276e+00 
 2.28480000e+00  2.96158051e-07  2.28480000e+00  2.96160854e-07  2.28480000e+00  3.19690519e+00 
 2.28980000e+00  2.95484498e-07  2.28980000e+00  2.95487301e-07  2.28980000e+00  3.19675796e+00 
 2.29480000e+00  2.94813995e-07  2.29480000e+00  2.94816798e-07  2.29480000e+00  3.19661106e+00 
 2.29980000e+00  2.94146521e-07  2.29980000e+00  2.94149325e-07  2.29980000e+00  3.19646450e+00 
 2.30480000e+00  2.93482056e-07  2.30480000e+00  2.93484859e-07  2.30480000e+00  3.19631826e+00 
 2.30980000e+00  2.92820579e-07  2.30980000e+00  2.92823383e-07  2.30980000e+00  3.19617235e+00 
 2.31480000e+00  2.92162071e-07  2.31480000e+00  2.92164875e-07  2.31480000e+00  3.19602677e+00 
 2.31980000e+00  2.91506512e-07  2.31980000e+00  2.91509316e-07  2.31980000e+00  3.19588151e+00 
 2.32480000e+00  2.90853881e-07  2.32480000e+00  2.90856685e-07  2.32480000e+00  3.19573658e+00 
 2.32980000e+00  2.90204159e-07  2.32980000e+00  2.90206963e-07  2.32980000e+00  3.19559197e+00 
 2.33480000e+00  2.89557327e-07  2.33480000e+00  2.89560132e-07  2.33480000e+00  3.19544769e+00 
 2.33980000e+00  2.88913367e-07  2.33980000e+00  2.88916171e-07  2.33980000e+00  3.19530372e+00 
 2.34480000e+00  2.88272257e-07  2.34480000e+00  2.88275062e-07  2.34480000e+00  3.19516007e+00 
 2.34980000e+00  2.87633980e-07  2.34980000e+00  2.87636785e-07  2.34980000e+00  3.19501674e+00 
 2.35480000e+00  2.86998518e-07  2.35480000e+00  2.87001323e-07  2.35480000e+00  3.19487372e+00 
 2.35980000e+00  2.86365851e-07  2.35980000e+00  2.86368656e-07  2.35980000e+00  3.19473102e+00 
 2.36480000e+00  2.85735961e-07  2.36480000e+00  2.85738766e-07  2.36480000e+00  3.19458863e+00 
 2.36980000e+00  2.85108830e-07  2.36980000e+00  2.85111635e-07  2.36980000e+00  3.19444655e+00 
 2.37480000e+00  2.84484440e-07  2.37480000e+00  2.84487245e-07  2.37480000e+00  3.19430478e+00 
 2.37980000e+00  2.83862773e-07  2.37980000e+00  2.83865578e-07  2.37980000e+00  3.19416332e+00 
 2.38480000e+00  2.83243811e-07  2.38480000e+00  2.83246617e-07  2.38480000e+00  3.19402217e+00 
 2.38980000e+00  2.82627536e-07  2.38980000e+00  2.82630342e-07  2.38980000e+00  3.19388132e+00 
 2.39480000e+00  2.82013932e-07  2.39480000e+00  2.82016738e-07  2.39480000e+00  3.19374078e+00 
 2.39980000e+00  2.81402981e-07  2.39980000e+00  2.81405787e-07  2.39980000e+00  3.19360055e+00 
 2.40480000e+00  2.80794665e-07  2.40480000e+00  2.80797472e-07  2.40480000e+00  3.19346061e+00 
 2.40980000e+00  2.80188968e-07  2.40980000e+00  2.80191775e-07  2.40980000e+00  3.19332098e+00 
 2.41480000e+00  2.79585873e-07  2.41480000e+00  2.79588680e-07  2.41480000e+00  3.19318164e+00 
 2.41980000e+00  2.78985364e-07  2.41980000e+00  2.78988170e-07  2.41980000e+00  3.19304260e+00 
 2.42480000e+00  2.78387422e-07  2.42480000e+00  2.78390229e-07  2.42480000e+00  3.19290386e+00 
 2.42980000e+00  2.77792034e-07  2.42980000e+00  2.77794841e-07  2.42980000e+00  3.19276542e+00 
 2.43480000e+00  2.77199180e-07  2.43480000e+00  2.77201988e-07  2.43480000e+00  3.19262727e+00 
 2.43980000e+00  2.76608847e-07  2.43980000e+00  2.76611655e-07  2.43980000e+00  3.19248942e+00 
 2.44480000e+00  2.76021018e-07  2.44480000e+00  2.76023825e-07  2.44480000e+00  3.19235185e+00 
 2.44980000e+00  2.75435676e-07  2.44980000e+00  2.75438484e-07  2.44980000e+00  3.19221458e+00 
 2.45480000e+00  2.74852807e-07  2.45480000e+00  2.74855614e-07  2.45480000e+00  3.19207760e+00 
 2.45980000e+00  2.74272394e-07  2.45980000e+00  2.74275202e-07  2.45980000e+00  3.19194090e+00 
 2.46480000e+00  2.73694422e-07  2.46480000e+00  2.73697230e-07  2.46480000e+00  3.19180449e+00 
 2.46980000e+00  2.73118876e-07  2.46980000e+00  2.73121684e-07  2.46980000e+00  3.19166837e+00 
 2.47480000e+00  2.72545740e-07  2.47480000e+00  2.72548548e-07  2.47480000e+00  3.19153253e+00 
 2.47980000e+00  2.71975000e-07  2.47980000e+00  2.71977808e-07  2.47980000e+00  3.19139698e+00 
 2.48480000e+00  2.71406640e-07  2.48480000e+00  2.71409449e-07  2.48480000e+00  3.19126171e+00 
 2.48980000e+00  2.70840646e-07  2.48980000e+00  2.70843455e-07  2.48980000e+00  3.19112672e+00 
 2.49480000e+00  2.70277003e-07  2.49480000e+00  2.70279812e-07  2.49480000e+00  3.19099201e+00 
 2.49980000e+00  2.69715696e-07  2.49980000e+00  2.69718505e-07  2.49980000e+00  3.19085758e+00 
 2.50480000e+00  2.69156711e-07  2.50480000e+00  2.69159520e-07  2.50480000e+00  3.19072342e+00 
 2.50980000e+00  2.68600033e-07  2.50980000e+00  2.68602842e-07  2.50980000e+00  3.19058955e+00 
 2.51480000e+00  2.68045649e-07  2.51480000e+00  2.68048458e-07  2.51480000e+00  3.19045595e+00 
 2.51980000e+00  2.67493544e-07  2.51980000e+00  2.67496353e-07  2.51980000e+00  3.19032262e+00 
 2.52480000e+00  2.66943703e-07  2.52480000e+00  2.66946513e-07  2.52480000e+00  3.19018957e+00 
 2.52980000e+00  2.66396114e-07  2.52980000e+00  2.66398924e-07  2.52980000e+00  3.19005678e+00 
 2.53480000e+00  2.65850763e-07  2.53480000e+00  2.65853573e-07  2.53480000e+00  3.18992427e+00 
 2.53980000e+00  2.65307635e-07  2.53980000e+00  2.65310445e-07  2.53980000e+00  3.18979203e+00 
 2.54480000e+00  2.64766717e-07  2.54480000e+00  2.64769527e-07  2.54480000e+00  3.18966006e+00 
 2.54980000e+00  2.64227996e-07  2.54980000e+00  2.64230807e-07  2.54980000e+00  3.18952836e+00 
 2.55480000e+00  2.63691459e-07  2.55480000e+00  2.63694269e-07  2.55480000e+00  3.18939692e+00 
 2.55980000e+00  2.63157091e-07  2.55980000e+00  2.63159902e-07  2.55980000e+00  3.18926575e+00 
 2.56480000e+00  2.62624881e-07  2.56480000e+00  2.62627692e-07  2.56480000e+00  3.18913484e+00 
 2.56980000e+00  2.62094815e-07  2.56980000e+00  2.62097626e-07  2.56980000e+00  3.18900420e+00 
 2.57480000e+00  2.61566880e-07  2.57480000e+00  2.61569691e-07  2.57480000e+00  3.18887381e+00 
 2.57980000e+00  2.61041063e-07  2.57980000e+00  2.61043875e-07  2.57980000e+00  3.18874369e+00 
 2.58480000e+00  2.60517353e-07  2.58480000e+00  2.60520164e-07  2.58480000e+00  3.18861383e+00 
 2.58980000e+00  2.59995734e-07  2.58980000e+00  2.59998546e-07  2.58980000e+00  3.18848423e+00 
 2.59480000e+00  2.59476197e-07  2.59480000e+00  2.59479009e-07  2.59480000e+00  3.18835489e+00 
 2.59980000e+00  2.58958728e-07  2.59980000e+00  2.58961539e-07  2.59980000e+00  3.18822581e+00 
 2.60480000e+00  2.58443314e-07  2.60480000e+00  2.58446126e-07  2.60480000e+00  3.18809698e+00 
 2.60980000e+00  2.57929944e-07  2.60980000e+00  2.57932756e-07  2.60980000e+00  3.18796840e+00 
 2.61480000e+00  2.57418605e-07  2.61480000e+00  2.57421418e-07  2.61480000e+00  3.18784008e+00 
 2.61980000e+00  2.56909286e-07  2.61980000e+00  2.56912099e-07  2.61980000e+00  3.18771202e+00 
 2.62480000e+00  2.56401975e-07  2.62480000e+00  2.56404787e-07  2.62480000e+00  3.18758420e+00 
 2.62980000e+00  2.55896659e-07  2.62980000e+00  2.55899471e-07  2.62980000e+00  3.18745664e+00 
 2.63480000e+00  2.55393327e-07  2.63480000e+00  2.55396140e-07  2.63480000e+00  3.18732932e+00 
 2.63980000e+00  2.54891968e-07  2.63980000e+00  2.54894780e-07  2.63980000e+00  3.18720226e+00 
 2.64480000e+00  2.54392569e-07  2.64480000e+00  2.54395382e-07  2.64480000e+00  3.18707544e+00 
 2.64980000e+00  2.53895119e-07  2.64980000e+00  2.53897932e-07  2.64980000e+00  3.18694887e+00 
 2.65480000e+00  2.53399608e-07  2.65480000e+00  2.53402421e-07  2.65480000e+00  3.18682255e+00 
 2.65980000e+00  2.52906023e-07  2.65980000e+00  2.52908836e-07  2.65980000e+00  3.18669648e+00 
 2.66480000e+00  2.52414353e-07  2.66480000e+00  2.52417167e-07  2.66480000e+00  3.18657064e+00 
 2.66980000e+00  2.51924588e-07  2.66980000e+00  2.51927401e-07  2.66980000e+00  3.18644505e+00 
 2.67480000e+00  2.51436716e-07  2.67480000e+00  2.51439530e-07  2.67480000e+00  3.18631971e+00 
 2.67980000e+00  2.50950727e-07  2.67980000e+00  2.50953540e-07  2.67980000e+00  3.18619460e+00 
 2.68480000e+00  2.50466608e-07  2.68480000e+00  2.50469422e-07  2.68480000e+00  3.18606974e+00 
 2.68980000e+00  2.49984351e-07  2.68980000e+00  2.49987165e-07  2.68980000e+00  3.18594511e+00 
 2.69480000e+00  2.49503944e-07  2.69480000e+00  2.49506758e-07  2.69480000e+00  3.18582073e+00 
 2.69980000e+00  2.49025376e-07  2.69980000e+00  2.49028190e-07  2.69980000e+00  3.18569658e+00 
 2.70480000e+00  2.48548637e-07  2.70480000e+00  2.48551451e-07  2.70480000e+00  3.18557267e+00 
 2.70980000e+00  2.48073716e-07  2.70980000e+00  2.48076531e-07  2.70980000e+00  3.18544899e+00 
 2.71480000e+00  2.47600604e-07  2.71480000e+00  2.47603418e-07  2.71480000e+00  3.18532555e+00 
 2.71980000e+00  2.47129289e-07  2.71980000e+00  2.47132104e-07  2.71980000e+00  3.18520235e+00 
 2.72480000e+00  2.46659762e-07  2.72480000e+00  2.46662577e-07  2.72480000e+00  3.18507938e+00 
 2.72980000e+00  2.46192012e-07  2.72980000e+00  2.46194827e-07  2.72980000e+00  3.18495664e+00 
 2.73480000e+00  2.45726029e-07  2.73480000e+00  2.45728844e-07  2.73480000e+00  3.18483413e+00 
 2.73980000e+00  2.45261804e-07  2.73980000e+00  2.45264619e-07  2.73980000e+00  3.18471185e+00 
 2.74480000e+00  2.44799327e-07  2.74480000e+00  2.44802142e-07  2.74480000e+00  3.18458981e+00 
 2.74980000e+00  2.44338587e-07  2.74980000e+00  2.44341402e-07  2.74980000e+00  3.18446799e+00 
 2.75480000e+00  2.43879574e-07  2.75480000e+00  2.43882390e-07  2.75480000e+00  3.18434640e+00 
 2.75980000e+00  2.43422280e-07  2.75980000e+00  2.43425096e-07  2.75980000e+00  3.18422504e+00 
 2.76480000e+00  2.42966695e-07  2.76480000e+00  2.42969511e-07  2.76480000e+00  3.18410390e+00 
 2.76980000e+00  2.42512809e-07  2.76980000e+00  2.42515625e-07  2.76980000e+00  3.18398299e+00 
 2.77480000e+00  2.42060612e-07  2.77480000e+00  2.42063428e-07  2.77480000e+00  3.18386230e+00 
 2.77980000e+00  2.41610095e-07  2.77980000e+00  2.41612911e-07  2.77980000e+00  3.18374184e+00 
 2.78480000e+00  2.41161249e-07  2.78480000e+00  2.41164065e-07  2.78480000e+00  3.18362160e+00 
 2.78980000e+00  2.40714064e-07  2.78980000e+00  2.40716881e-07  2.78980000e+00  3.18350159e+00 
 2.79480000e+00  2.40268532e-07  2.79480000e+00  2.40271349e-07  2.79480000e+00  3.18338179e+00 
 2.79980000e+00  2.39824643e-07  2.79980000e+00  2.39827460e-07  2.79980000e+00  3.18326222e+00 
 2.80480000e+00  2.39382389e-07  2.80480000e+00  2.39385205e-07  2.80480000e+00  3.18314287e+00 
 2.80980000e+00  2.38941759e-07  2.80980000e+00  2.38944576e-07  2.80980000e+00  3.18302373e+00 
 2.81480000e+00  2.38502745e-07  2.81480000e+00  2.38505563e-07  2.81480000e+00  3.18290482e+00 
 2.81980000e+00  2.38065339e-07  2.81980000e+00  2.38068157e-07  2.81980000e+00  3.18278612e+00 
 2.82480000e+00  2.37629532e-07  2.82480000e+00  2.37632349e-07  2.82480000e+00  3.18266764e+00 
 2.82980000e+00  2.37195314e-07  2.82980000e+00  2.37198132e-07  2.82980000e+00  3.18254937e+00 
 2.83480000e+00  2.36762678e-07  2.83480000e+00  2.36765495e-07  2.83480000e+00  3.18243132e+00 
 2.83980000e+00  2.36331613e-07  2.83980000e+00  2.36334431e-07  2.83980000e+00  3.18231348e+00 
 2.84480000e+00  2.35902113e-07  2.84480000e+00  2.35904931e-07  2.84480000e+00  3.18219586e+00 
 2.84980000e+00  2.35474169e-07  2.84980000e+00  2.35476987e-07  2.84980000e+00  3.18207845e+00 
 2.85480000e+00  2.35047771e-07  2.85480000e+00  2.35050589e-07  2.85480000e+00  3.18196125e+00 
 2.85980000e+00  2.34622912e-07  2.85980000e+00  2.34625730e-07  2.85980000e+00  3.18184426e+00 
 2.86480000e+00  2.34199584e-07  2.86480000e+00  2.34202402e-07  2.86480000e+00  3.18172749e+00 
 2.86980000e+00  2.33777778e-07  2.86980000e+00  2.33780596e-07  2.86980000e+00  3.18161092e+00 
 2.87480000e+00  2.33357485e-07  2.87480000e+00  2.33360304e-07  2.87480000e+00  3.18149456e+00 
 2.87980000e+00  2.32938699e-07  2.87980000e+00  2.32941517e-07  2.87980000e+00  3.18137841e+00 
 2.88480000e+00  2.32521410e-07  2.88480000e+00  2.32524229e-07  2.88480000e+00  3.18126247e+00 
 2.88980000e+00  2.32105611e-07  2.88980000e+00  2.32108430e-07  2.88980000e+00  3.18114674e+00 
 2.89480000e+00  2.31691294e-07  2.89480000e+00  2.31694113e-07  2.89480000e+00  3.18103121e+00 
 2.89980000e+00  2.31278451e-07  2.89980000e+00  2.31281270e-07  2.89980000e+00  3.18091588e+00 
 2.90480000e+00  2.30867074e-07  2.90480000e+00  2.30869893e-07  2.90480000e+00  3.18080076e+00 
 2.90980000e+00  2.30457155e-07  2.90980000e+00  2.30459974e-07  2.90980000e+00  3.18068585e+00 
 2.91480000e+00  2.30048687e-07  2.91480000e+00  2.30051506e-07  2.91480000e+00  3.18057114e+00 
 2.91980000e+00  2.29641661e-07  2.91980000e+00  2.29644481e-07  2.91980000e+00  3.18045663e+00 
 2.92480000e+00  2.29236071e-07  2.92480000e+00  2.29238891e-07  2.92480000e+00  3.18034232e+00 
 2.92980000e+00  2.28831909e-07  2.92980000e+00  2.28834728e-07  2.92980000e+00  3.18022821e+00 
 2.93480000e+00  2.28429166e-07  2.93480000e+00  2.28431986e-07  2.93480000e+00  3.18011430e+00 
 2.93980000e+00  2.28027836e-07  2.93980000e+00  2.28030656e-07  2.93980000e+00  3.18000060e+00 
 2.94480000e+00  2.27627912e-07  2.94480000e+00  2.27630732e-07  2.94480000e+00  3.17988709e+00 
 2.94980000e+00  2.27229386e-07  2.94980000e+00  2.27232206e-07  2.94980000e+00  3.17977378e+00 
 2.95480000e+00  2.26832250e-07  2.95480000e+00  2.26835070e-07  2.95480000e+00  3.17966067e+00 
 2.95980000e+00  2.26436498e-07  2.95980000e+00  2.26439318e-07  2.95980000e+00  3.17954775e+00 
 2.96480000e+00  2.26042121e-07  2.96480000e+00  2.26044942e-07  2.96480000e+00  3.17943503e+00 
 2.96980000e+00  2.25649114e-07  2.96980000e+00  2.25651935e-07  2.96980000e+00  3.17932251e+00 
 2.97480000e+00  2.25257469e-07  2.97480000e+00  2.25260289e-07  2.97480000e+00  3.17921018e+00 
 2.97980000e+00  2.24867178e-07  2.97980000e+00  2.24869999e-07  2.97980000e+00  3.17909804e+00 
 2.98480000e+00  2.24478235e-07  2.98480000e+00  2.24481056e-07  2.98480000e+00  3.17898610e+00 
 2.98980000e+00  2.24090634e-07  2.98980000e+00  2.24093455e-07  2.98980000e+00  3.17887435e+00 
 2.99480000e+00  2.23704366e-07  2.99480000e+00  2.23707187e-07  2.99480000e+00  3.17876280e+00 
 2.99980000e+00  2.23319425e-07  2.99980000e+00  2.23322246e-07  2.99980000e+00  3.17865143e+00 
 3.00480000e+00  2.22935805e-07  3.00480000e+00  2.22938626e-07  3.00480000e+00  3.17854026e+00 
 3.00980000e+00  2.22553498e-07  3.00980000e+00  2.22556319e-07  3.00980000e+00  3.17842927e+00 
 3.01480000e+00  2.22172497e-07  3.01480000e+00  2.22175319e-07  3.01480000e+00  3.17831848e+00 
 3.01980000e+00  2.21792797e-07  3.01980000e+00  2.21795619e-07  3.01980000e+00  3.17820787e+00 
 3.02480000e+00  2.21414390e-07  3.02480000e+00  2.21417212e-07  3.02480000e+00  3.17809745e+00 
 3.02980000e+00  2.21037270e-07  3.02980000e+00  2.21040092e-07  3.02980000e+00  3.17798722e+00 
 3.03480000e+00  2.20661431e-07  3.03480000e+00  2.20664253e-07  3.03480000e+00  3.17787718e+00 
 3.03980000e+00  2.20286865e-07  3.03980000e+00  2.20289687e-07  3.03980000e+00  3.17776732e+00 
 3.04480000e+00  2.19913567e-07  3.04480000e+00  2.19916389e-07  3.04480000e+00  3.17765765e+00 
 3.04980000e+00  2.19541529e-07  3.04980000e+00  2.19544352e-07  3.04980000e+00  3.17754817e+00 
 3.05480000e+00  2.19170746e-07  3.05480000e+00  2.19173569e-07  3.05480000e+00  3.17743887e+00 
 3.05980000e+00  2.18801212e-07  3.05980000e+00  2.18804034e-07  3.05980000e+00  3.17732975e+00 
 3.06480000e+00  2.18432919e-07  3.06480000e+00  2.18435742e-07  3.06480000e+00  3.17722081e+00 
 3.06980000e+00  2.18065862e-07  3.06980000e+00  2.18068685e-07  3.06980000e+00  3.17711206e+00 
 3.07480000e+00  2.17700034e-07  3.07480000e+00  2.17702857e-07  3.07480000e+00  3.17700349e+00 
 3.07980000e+00  2.17335430e-07  3.07980000e+00  2.17338253e-07  3.07980000e+00  3.17689510e+00 
 3.08480000e+00  2.16972043e-07  3.08480000e+00  2.16974866e-07  3.08480000e+00  3.17678690e+00 
 3.08980000e+00  2.16609867e-07  3.08980000e+00  2.16612691e-07  3.08980000e+00  3.17667887e+00 
 3.09480000e+00  2.16248897e-07  3.09480000e+00  2.16251720e-07  3.09480000e+00  3.17657102e+00 
 3.09980000e+00  2.15889126e-07  3.09980000e+00  2.15891949e-07  3.09980000e+00  3.17646335e+00 
 3.10480000e+00  2.15530547e-07  3.10480000e+00  2.15533371e-07  3.10480000e+00  3.17635586e+00 
 3.10980000e+00  2.15173156e-07  3.10980000e+00  2.15175980e-07  3.10980000e+00  3.17624855e+00 
 3.11480000e+00  2.14816946e-07  3.11480000e+00  2.14819770e-07  3.11480000e+00  3.17614141e+00 
 3.11980000e+00  2.14461912e-07  3.11980000e+00  2.14464736e-07  3.11980000e+00  3.17603445e+00 
 3.12480000e+00  2.14108047e-07  3.12480000e+00  2.14110871e-07  3.12480000e+00  3.17592767e+00 
 3.12980000e+00  2.13755347e-07  3.12980000e+00  2.13758171e-07  3.12980000e+00  3.17582106e+00 
 3.13480000e+00  2.13403804e-07  3.13480000e+00  2.13406628e-07  3.13480000e+00  3.17571463e+00 
 3.13980000e+00  2.13053414e-07  3.13980000e+00  2.13056239e-07  3.13980000e+00  3.17560837e+00 
 3.14480000e+00  2.12704171e-07  3.14480000e+00  2.12706996e-07  3.14480000e+00  3.17550229e+00 
 3.14980000e+00  2.12356070e-07  3.14980000e+00  2.12358894e-07  3.14980000e+00  3.17539638e+00 
 3.15480000e+00  2.12009104e-07  3.15480000e+00  2.12011928e-07  3.15480000e+00  3.17529064e+00 
 3.15980000e+00  2.11663268e-07  3.15980000e+00  2.11666092e-07  3.15980000e+00  3.17518507e+00 
 3.16480000e+00  2.11318556e-07  3.16480000e+00  2.11321381e-07  3.16480000e+00  3.17507968e+00 
 3.16980000e+00  2.10974964e-07  3.16980000e+00  2.10977789e-07  3.16980000e+00  3.17497445e+00 
 3.17480000e+00  2.10632486e-07  3.17480000e+00  2.10635311e-07  3.17480000e+00  3.17486940e+00 
 3.17980000e+00  2.10291116e-07  3.17980000e+00  2.10293941e-07  3.17980000e+00  3.17476452e+00 
 3.18480000e+00  2.09950849e-07  3.18480000e+00  2.09953674e-07  3.18480000e+00  3.17465980e+00 
 3.18980000e+00  2.09611679e-07  3.18980000e+00  2.09614505e-07  3.18980000e+00  3.17455526e+00 
 3.19480000e+00  2.09273602e-07  3.19480000e+00  2.09276428e-07  3.19480000e+00  3.17445088e+00 
 3.19980000e+00  2.08936612e-07  3.19980000e+00  2.08939438e-07  3.19980000e+00  3.17434667e+00 
 3.20480000e+00  2.08600704e-07  3.20480000e+00  2.08603530e-07  3.20480000e+00  3.17424263e+00 
 3.20980000e+00  2.08265872e-07  3.20980000e+00  2.08268698e-07  3.20980000e+00  3.17413875e+00 
 3.21480000e+00  2.07932112e-07  3.21480000e+00  2.07934938e-07  3.21480000e+00  3.17403504e+00 
 3.21980000e+00  2.07599418e-07  3.21980000e+00  2.07602245e-07  3.21980000e+00  3.17393150e+00 
 3.22480000e+00  2.07267786e-07  3.22480000e+00  2.07270612e-07  3.22480000e+00  3.17382812e+00 
 3.22980000e+00  2.06937210e-07  3.22980000e+00  2.06940036e-07  3.22980000e+00  3.17372490e+00 
 3.23480000e+00  2.06607685e-07  3.23480000e+00  2.06610511e-07  3.23480000e+00  3.17362185e+00 
 3.23980000e+00  2.06279206e-07  3.23980000e+00  2.06282032e-07  3.23980000e+00  3.17351896e+00 
 3.24480000e+00  2.05951768e-07  3.24480000e+00  2.05954594e-07  3.24480000e+00  3.17341624e+00 
 3.24980000e+00  2.05625366e-07  3.24980000e+00  2.05628193e-07  3.24980000e+00  3.17331368e+00 
 3.25480000e+00  2.05299996e-07  3.25480000e+00  2.05302823e-07  3.25480000e+00  3.17321128e+00 
 3.25980000e+00  2.04975653e-07  3.25980000e+00  2.04978479e-07  3.25980000e+00  3.17310904e+00 
 3.26480000e+00  2.04652330e-07  3.26480000e+00  2.04655157e-07  3.26480000e+00  3.17300696e+00 
 3.26980000e+00  2.04330025e-07  3.26980000e+00  2.04332852e-07  3.26980000e+00  3.17290504e+00 
 3.27480000e+00  2.04008732e-07  3.27480000e+00  2.04011559e-07  3.27480000e+00  3.17280329e+00 
 3.27980000e+00  2.03688446e-07  3.27980000e+00  2.03691273e-07  3.27980000e+00  3.17270169e+00 
 3.28480000e+00  2.03369163e-07  3.28480000e+00  2.03371990e-07  3.28480000e+00  3.17260025e+00 
 3.28980000e+00  2.03050877e-07  3.28980000e+00  2.03053705e-07  3.28980000e+00  3.17249897e+00 
 3.29480000e+00  2.02733585e-07  3.29480000e+00  2.02736412e-07  3.29480000e+00  3.17239785e+00 
 3.29980000e+00  2.02417281e-07  3.29980000e+00  2.02420109e-07  3.29980000e+00  3.17229688e+00 
 3.30480000e+00  2.02101961e-07  3.30480000e+00  2.02104789e-07  3.30480000e+00  3.17219607e+00 
 3.30980000e+00  2.01787621e-07  3.30980000e+00  2.01790448e-07  3.30980000e+00  3.17209542e+00 
 3.31480000e+00  2.01474255e-07  3.31480000e+00  2.01477083e-07  3.31480000e+00  3.17199492e+00 
 3.31980000e+00  2.01161860e-07  3.31980000e+00  2.01164688e-07  3.31980000e+00  3.17189458e+00 
 3.32480000e+00  2.00850430e-07  3.32480000e+00  2.00853258e-07  3.32480000e+00  3.17179440e+00 
 3.32980000e+00  2.00539962e-07  3.32980000e+00  2.00542790e-07  3.32980000e+00  3.17169436e+00 
 3.33480000e+00  2.00230451e-07  3.33480000e+00  2.00233279e-07  3.33480000e+00  3.17159449e+00 
 3.33980000e+00  1.99921891e-07  3.33980000e+00  1.99924720e-07  3.33980000e+00  3.17149476e+00 
 3.34480000e+00  1.99614281e-07  3.34480000e+00  1.99617109e-07  3.34480000e+00  3.17139519e+00 
 3.34980000e+00  1.99307614e-07  3.34980000e+00  1.99310442e-07  3.34980000e+00  3.17129578e+00 
 3.35480000e+00  1.99001886e-07  3.35480000e+00  1.99004715e-07  3.35480000e+00  3.17119651e+00 
 3.35980000e+00  1.98697093e-07  3.35980000e+00  1.98699922e-07  3.35980000e+00  3.17109740e+00 
 3.36480000e+00  1.98393232e-07  3.36480000e+00  1.98396061e-07  3.36480000e+00  3.17099843e+00 
 3.36980000e+00  1.98090297e-07  3.36980000e+00  1.98093125e-07  3.36980000e+00  3.17089962e+00 
 3.37480000e+00  1.97788284e-07  3.37480000e+00  1.97791113e-07  3.37480000e+00  3.17080096e+00 
 3.37980000e+00  1.97487189e-07  3.37980000e+00  1.97490018e-07  3.37980000e+00  3.17070245e+00 
 3.38480000e+00  1.97187008e-07  3.38480000e+00  1.97189837e-07  3.38480000e+00  3.17060408e+00 
 3.38980000e+00  1.96887737e-07  3.38980000e+00  1.96890567e-07  3.38980000e+00  3.17050587e+00 
 3.39480000e+00  1.96589372e-07  3.39480000e+00  1.96592201e-07  3.39480000e+00  3.17040781e+00 
 3.39980000e+00  1.96291908e-07  3.39980000e+00  1.96294738e-07  3.39980000e+00  3.17030989e+00 
 3.40480000e+00  1.95995342e-07  3.40480000e+00  1.95998172e-07  3.40480000e+00  3.17021212e+00 
 3.40980000e+00  1.95699669e-07  3.40980000e+00  1.95702499e-07  3.40980000e+00  3.17011450e+00 
 3.41480000e+00  1.95404886e-07  3.41480000e+00  1.95407716e-07  3.41480000e+00  3.17001702e+00 
 3.41980000e+00  1.95110988e-07  3.41980000e+00  1.95113818e-07  3.41980000e+00  3.16991969e+00 
 3.42480000e+00  1.94817972e-07  3.42480000e+00  1.94820802e-07  3.42480000e+00  3.16982251e+00 
 3.42980000e+00  1.94525833e-07  3.42980000e+00  1.94528663e-07  3.42980000e+00  3.16972547e+00 
 3.43480000e+00  1.94234567e-07  3.43480000e+00  1.94237398e-07  3.43480000e+00  3.16962858e+00 
 3.43980000e+00  1.93944172e-07  3.43980000e+00  1.93947002e-07  3.43980000e+00  3.16953183e+00 
 3.44480000e+00  1.93654642e-07  3.44480000e+00  1.93657472e-07  3.44480000e+00  3.16943522e+00 
 3.44980000e+00  1.93365974e-07  3.44980000e+00  1.93368804e-07  3.44980000e+00  3.16933876e+00 
 3.45480000e+00  1.93078164e-07  3.45480000e+00  1.93080994e-07  3.45480000e+00  3.16924245e+00 
 3.45980000e+00  1.92791208e-07  3.45980000e+00  1.92794039e-07  3.45980000e+00  3.16914627e+00 
 3.46480000e+00  1.92505102e-07  3.46480000e+00  1.92507933e-07  3.46480000e+00  3.16905024e+00 
 3.46980000e+00  1.92219844e-07  3.46980000e+00  1.92222675e-07  3.46980000e+00  3.16895435e+00 
 3.47480000e+00  1.91935428e-07  3.47480000e+00  1.91938259e-07  3.47480000e+00  3.16885860e+00 
 3.47980000e+00  1.91651851e-07  3.47980000e+00  1.91654683e-07  3.47980000e+00  3.16876299e+00 
 3.48480000e+00  1.91369110e-07  3.48480000e+00  1.91371942e-07  3.48480000e+00  3.16866753e+00 
 3.48980000e+00  1.91087201e-07  3.48980000e+00  1.91090033e-07  3.48980000e+00  3.16857220e+00 
 3.49480000e+00  1.90806120e-07  3.49480000e+00  1.90808952e-07  3.49480000e+00  3.16847701e+00 
 3.49980000e+00  1.90525864e-07  3.49980000e+00  1.90528695e-07  3.49980000e+00  3.16838197e+00 
 3.50480000e+00  1.90246428e-07  3.50480000e+00  1.90249260e-07  3.50480000e+00  3.16828706e+00 
 3.50980000e+00  1.89967810e-07  3.50980000e+00  1.89970642e-07  3.50980000e+00  3.16819229e+00 
 3.51480000e+00  1.89690005e-07  3.51480000e+00  1.89692837e-07  3.51480000e+00  3.16809766e+00 
 3.51980000e+00  1.89413011e-07  3.51980000e+00  1.89415843e-07  3.51980000e+00  3.16800317e+00 
 3.52480000e+00  1.89136823e-07  3.52480000e+00  1.89139655e-07  3.52480000e+00  3.16790881e+00 
 3.52980000e+00  1.88861438e-07  3.52980000e+00  1.88864270e-07  3.52980000e+00  3.16781459e+00 
 3.53480000e+00  1.88586853e-07  3.53480000e+00  1.88589685e-07  3.53480000e+00  3.16772051e+00 
 3.53980000e+00  1.88313064e-07  3.53980000e+00  1.88315896e-07  3.53980000e+00  3.16762657e+00 
 3.54480000e+00  1.88040068e-07  3.54480000e+00  1.88042900e-07  3.54480000e+00  3.16753276e+00 
 3.54980000e+00  1.87767861e-07  3.54980000e+00  1.87770693e-07  3.54980000e+00  3.16743908e+00 
 3.55480000e+00  1.87496440e-07  3.55480000e+00  1.87499272e-07  3.55480000e+00  3.16734554e+00 
 3.55980000e+00  1.87225801e-07  3.55980000e+00  1.87228634e-07  3.55980000e+00  3.16725214e+00 
 3.56480000e+00  1.86955941e-07  3.56480000e+00  1.86958774e-07  3.56480000e+00  3.16715887e+00 
 3.56980000e+00  1.86686857e-07  3.56980000e+00  1.86689690e-07  3.56980000e+00  3.16706573e+00 
 3.57480000e+00  1.86418546e-07  3.57480000e+00  1.86421379e-07  3.57480000e+00  3.16697273e+00 
 3.57980000e+00  1.86151003e-07  3.57980000e+00  1.86153836e-07  3.57980000e+00  3.16687986e+00 
 3.58480000e+00  1.85884227e-07  3.58480000e+00  1.85887060e-07  3.58480000e+00  3.16678713e+00 
 3.58980000e+00  1.85618212e-07  3.58980000e+00  1.85621046e-07  3.58980000e+00  3.16669452e+00 
 3.59480000e+00  1.85352957e-07  3.59480000e+00  1.85355791e-07  3.59480000e+00  3.16660205e+00 
 3.59980000e+00  1.85088458e-07  3.59980000e+00  1.85091292e-07  3.59980000e+00  3.16650971e+00 
 3.60480000e+00  1.84824712e-07  3.60480000e+00  1.84827545e-07  3.60480000e+00  3.16641750e+00 
 3.60980000e+00  1.84561715e-07  3.60980000e+00  1.84564549e-07  3.60980000e+00  3.16632542e+00 
 3.61480000e+00  1.84299465e-07  3.61480000e+00  1.84302298e-07  3.61480000e+00  3.16623348e+00 
 3.61980000e+00  1.84037958e-07  3.61980000e+00  1.84040791e-07  3.61980000e+00  3.16614166e+00 
 3.62480000e+00  1.83777190e-07  3.62480000e+00  1.83780024e-07  3.62480000e+00  3.16604997e+00 
 3.62980000e+00  1.83517160e-07  3.62980000e+00  1.83519994e-07  3.62980000e+00  3.16595842e+00 
 3.63480000e+00  1.83257864e-07  3.63480000e+00  1.83260698e-07  3.63480000e+00  3.16586699e+00 
 3.63980000e+00  1.82999298e-07  3.63980000e+00  1.83002132e-07  3.63980000e+00  3.16577569e+00 
 3.64480000e+00  1.82741460e-07  3.64480000e+00  1.82744294e-07  3.64480000e+00  3.16568452e+00 
 3.64980000e+00  1.82484346e-07  3.64980000e+00  1.82487180e-07  3.64980000e+00  3.16559347e+00 
 3.65480000e+00  1.82227954e-07  3.65480000e+00  1.82230788e-07  3.65480000e+00  3.16550256e+00 
 3.65980000e+00  1.81972281e-07  3.65980000e+00  1.81975115e-07  3.65980000e+00  3.16541177e+00 
 3.66480000e+00  1.81717322e-07  3.66480000e+00  1.81720157e-07  3.66480000e+00  3.16532111e+00 
 3.66980000e+00  1.81463076e-07  3.66980000e+00  1.81465911e-07  3.66980000e+00  3.16523057e+00 
 3.67480000e+00  1.81209540e-07  3.67480000e+00  1.81212375e-07  3.67480000e+00  3.16514016e+00 
 3.67980000e+00  1.80956710e-07  3.67980000e+00  1.80959545e-07  3.67980000e+00  3.16504988e+00 
 3.68480000e+00  1.80704584e-07  3.68480000e+00  1.80707419e-07  3.68480000e+00  3.16495972e+00 
 3.68980000e+00  1.80453159e-07  3.68980000e+00  1.80455994e-07  3.68980000e+00  3.16486969e+00 
 3.69480000e+00  1.80202431e-07  3.69480000e+00  1.80205266e-07  3.69480000e+00  3.16477978e+00 
 3.69980000e+00  1.79952398e-07  3.69980000e+00  1.79955233e-07  3.69980000e+00  3.16469000e+00 
 3.70480000e+00  1.79703057e-07  3.70480000e+00  1.79705892e-07  3.70480000e+00  3.16460034e+00 
 3.70980000e+00  1.79454405e-07  3.70980000e+00  1.79457240e-07  3.70980000e+00  3.16451081e+00 
 3.71480000e+00  1.79206439e-07  3.71480000e+00  1.79209275e-07  3.71480000e+00  3.16442139e+00 
 3.71980000e+00  1.78959157e-07  3.71980000e+00  1.78961992e-07  3.71980000e+00  3.16433211e+00 
 3.72480000e+00  1.78712555e-07  3.72480000e+00  1.78715391e-07  3.72480000e+00  3.16424294e+00 
 3.72980000e+00  1.78466631e-07  3.72980000e+00  1.78469467e-07  3.72980000e+00  3.16415390e+00 
 3.73480000e+00  1.78221382e-07  3.73480000e+00  1.78224218e-07  3.73480000e+00  3.16406498e+00 
 3.73980000e+00  1.77976805e-07  3.73980000e+00  1.77979641e-07  3.73980000e+00  3.16397618e+00 
 3.74480000e+00  1.77732898e-07  3.74480000e+00  1.77735734e-07  3.74480000e+00  3.16388750e+00 
 3.74980000e+00  1.77489657e-07  3.74980000e+00  1.77492494e-07  3.74980000e+00  3.16379894e+00 
 3.75480000e+00  1.77247081e-07  3.75480000e+00  1.77249917e-07  3.75480000e+00  3.16371051e+00 
 3.75980000e+00  1.77005166e-07  3.75980000e+00  1.77008002e-07  3.75980000e+00  3.16362219e+00 
 3.76480000e+00  1.76763909e-07  3.76480000e+00  1.76766745e-07  3.76480000e+00  3.16353400e+00 
 3.76980000e+00  1.76523308e-07  3.76980000e+00  1.76526144e-07  3.76980000e+00  3.16344592e+00 
 3.77480000e+00  1.76283360e-07  3.77480000e+00  1.76286197e-07  3.77480000e+00  3.16335797e+00 
 3.77980000e+00  1.76044063e-07  3.77980000e+00  1.76046900e-07  3.77980000e+00  3.16327013e+00 
 3.78480000e+00  1.75805414e-07  3.78480000e+00  1.75808251e-07  3.78480000e+00  3.16318241e+00 
 3.78980000e+00  1.75567410e-07  3.78980000e+00  1.75570247e-07  3.78980000e+00  3.16309481e+00 
 3.79480000e+00  1.75330049e-07  3.79480000e+00  1.75332886e-07  3.79480000e+00  3.16300733e+00 
 3.79980000e+00  1.75093328e-07  3.79980000e+00  1.75096165e-07  3.79980000e+00  3.16291997e+00 
 3.80480000e+00  1.74857244e-07  3.80480000e+00  1.74860082e-07  3.80480000e+00  3.16283272e+00 
 3.80980000e+00  1.74621796e-07  3.80980000e+00  1.74624633e-07  3.80980000e+00  3.16274559e+00 
 3.81480000e+00  1.74386980e-07  3.81480000e+00  1.74389817e-07  3.81480000e+00  3.16265858e+00 
 3.81980000e+00  1.74152793e-07  3.81980000e+00  1.74155631e-07  3.81980000e+00  3.16257169e+00 
 3.82480000e+00  1.73919234e-07  3.82480000e+00  1.73922072e-07  3.82480000e+00  3.16248491e+00 
 3.82980000e+00  1.73686300e-07  3.82980000e+00  1.73689138e-07  3.82980000e+00  3.16239825e+00 
 3.83480000e+00  1.73453988e-07  3.83480000e+00  1.73456826e-07  3.83480000e+00  3.16231170e+00 
 3.83980000e+00  1.73222296e-07  3.83980000e+00  1.73225134e-07  3.83980000e+00  3.16222527e+00 
 3.84480000e+00  1.72991221e-07  3.84480000e+00  1.72994059e-07  3.84480000e+00  3.16213895e+00 
 3.84980000e+00  1.72760761e-07  3.84980000e+00  1.72763599e-07  3.84980000e+00  3.16205275e+00 
 3.85480000e+00  1.72530914e-07  3.85480000e+00  1.72533752e-07  3.85480000e+00  3.16196666e+00 
 3.85980000e+00  1.72301676e-07  3.85980000e+00  1.72304515e-07  3.85980000e+00  3.16188069e+00 
 3.86480000e+00  1.72073047e-07  3.86480000e+00  1.72075885e-07  3.86480000e+00  3.16179483e+00 
 3.86980000e+00  1.71845022e-07  3.86980000e+00  1.71847860e-07  3.86980000e+00  3.16170908e+00 
 3.87480000e+00  1.71617600e-07  3.87480000e+00  1.71620438e-07  3.87480000e+00  3.16162345e+00 
 3.87980000e+00  1.71390778e-07  3.87980000e+00  1.71393617e-07  3.87980000e+00  3.16153793e+00 
 3.88480000e+00  1.71164554e-07  3.88480000e+00  1.71167393e-07  3.88480000e+00  3.16145253e+00 
 3.88980000e+00  1.70938927e-07  3.88980000e+00  1.70941765e-07  3.88980000e+00  3.16136723e+00 
 3.89480000e+00  1.70713892e-07  3.89480000e+00  1.70716731e-07  3.89480000e+00  3.16128205e+00 
 3.89980000e+00  1.70489448e-07  3.89980000e+00  1.70492287e-07  3.89980000e+00  3.16119698e+00 
 3.90480000e+00  1.70265593e-07  3.90480000e+00  1.70268432e-07  3.90480000e+00  3.16111202e+00 
 3.90980000e+00  1.70042324e-07  3.90980000e+00  1.70045163e-07  3.90980000e+00  3.16102717e+00 
 3.91480000e+00  1.69819640e-07  3.91480000e+00  1.69822479e-07  3.91480000e+00  3.16094243e+00 
 3.91980000e+00  1.69597537e-07  3.91980000e+00  1.69600376e-07  3.91980000e+00  3.16085781e+00 
 3.92480000e+00  1.69376013e-07  3.92480000e+00  1.69378852e-07  3.92480000e+00  3.16077329e+00 
 3.92980000e+00  1.69155067e-07  3.92980000e+00  1.69157906e-07  3.92980000e+00  3.16068889e+00 
 3.93480000e+00  1.68934696e-07  3.93480000e+00  1.68937535e-07  3.93480000e+00  3.16060459e+00 
 3.93980000e+00  1.68714897e-07  3.93980000e+00  1.68717736e-07  3.93980000e+00  3.16052040e+00 
 3.94480000e+00  1.68495669e-07  3.94480000e+00  1.68498508e-07  3.94480000e+00  3.16043633e+00 
 3.94980000e+00  1.68277009e-07  3.94980000e+00  1.68279848e-07  3.94980000e+00  3.16035236e+00 
 3.95480000e+00  1.68058915e-07  3.95480000e+00  1.68061755e-07  3.95480000e+00  3.16026850e+00 
 3.95980000e+00  1.67841385e-07  3.95980000e+00  1.67844225e-07  3.95980000e+00  3.16018474e+00 
 3.96480000e+00  1.67624417e-07  3.96480000e+00  1.67627257e-07  3.96480000e+00  3.16010110e+00 
 3.96980000e+00  1.67408008e-07  3.96980000e+00  1.67410848e-07  3.96980000e+00  3.16001757e+00 
 3.97480000e+00  1.67192157e-07  3.97480000e+00  1.67194997e-07  3.97480000e+00  3.15993414e+00 
 3.97980000e+00  1.66976861e-07  3.97980000e+00  1.66979701e-07  3.97980000e+00  3.15985082e+00 
 3.98480000e+00  1.66762118e-07  3.98480000e+00  1.66764958e-07  3.98480000e+00  3.15976760e+00 
 3.98980000e+00  1.66547926e-07  3.98980000e+00  1.66550766e-07  3.98980000e+00  3.15968449e+00 
 3.99480000e+00  1.66334282e-07  3.99480000e+00  1.66337123e-07  3.99480000e+00  3.15960149e+00 
 3.99980000e+00  1.66121186e-07  3.99980000e+00  1.66124026e-07  3.99980000e+00  3.15951860e+00 
 4.00000000e+00  1.66112673e-07  4.00000000e+00  1.66115514e-07  4.00000000e+00  3.15951528e+00 
